timestamp,Battery Soc-%,Battery (Dis)Charge-kWh
2024-01-01T00:00:00,0.0,0.0
2024-01-01T01:00:00,0.0,0.0
2024-01-01T02:00:00,0.0,0.0
2024-01-01T03:00:00,0.0,0.0
2024-01-01T04:00:00,0.0,0.0
2024-01-01T05:00:00,0.0,0.0
2024-01-01T06:00:00,0.0,0.0
2024-01-01T07:00:00,0.0,0.0
2024-01-01T08:00:00,0.0,0.0
2024-01-01T09:00:00,0.0,0.0
2024-01-01T10:00:00,0.0,0.0
2024-01-01T11:00:00,0.12671803,0.9007615
2024-01-01T12:00:00,0.39743626,1.8890574
2024-01-01T13:00:00,0.70041686,2.1058605
2024-01-01T14:00:00,0.67763007,-0.12934227
2024-01-01T15:00:00,0.6475165,-0.1710716
2024-01-01T16:00:00,0.6809729,0.24089369
2024-01-01T17:00:00,0.7451245,0.45992556
2024-01-01T18:00:00,0.37493214,-2.1847024
2024-01-01T19:00:00,0.011503668,-2.143175
2024-01-01T20:00:00,0.0,-0.06680807
2024-01-01T21:00:00,0.0,0.0
2024-01-01T22:00:00,0.0,0.0
2024-01-01T23:00:00,0.0,0.0
2024-01-02T00:00:00,0.0,0.0
2024-01-02T01:00:00,0.0,0.0
2024-01-02T02:00:00,0.0,0.0
2024-01-02T03:00:00,0.0,0.0
2024-01-02T04:00:00,0.0,0.0
2024-01-02T05:00:00,0.0,0.0
2024-01-02T06:00:00,0.0,0.0
2024-01-02T07:00:00,0.0,0.0
2024-01-02T08:00:00,0.0,0.0
2024-01-02T09:00:00,0.08907151,0.6363946
2024-01-02T10:00:00,0.207722,0.8443297
2024-01-02T11:00:00,0.28677148,0.56556726
2024-01-02T12:00:00,0.2908983,0.029838344
2024-01-02T13:00:00,0.3098819,0.13696699
2024-01-02T14:00:00,0.2831611,-0.15173958
2024-01-02T15:00:00,0.09975775,-1.0600351
2024-01-02T16:00:00,0.006394443,-0.53417736
2024-01-02T17:00:00,0.00011044404,-0.036585752
2024-01-02T18:00:00,0.0,-0.0006391193
2024-01-02T19:00:00,0.0,0.0
2024-01-02T20:00:00,0.0,0.0
2024-01-02T21:00:00,0.0,0.0
2024-01-02T22:00:00,0.0,0.0
2024-01-02T23:00:00,0.0,0.0
2024-01-03T00:00:00,0.0,0.0
2024-01-03T01:00:00,0.0,0.0
2024-01-03T02:00:00,0.0,0.0
2024-01-03T03:00:00,0.0,0.0
2024-01-03T04:00:00,0.0,0.0
2024-01-03T05:00:00,0.0,0.0
2024-01-03T06:00:00,0.0,0.0
2024-01-03T07:00:00,0.0,0.0
2024-01-03T08:00:00,0.23136632,1.6223831
2024-01-03T09:00:00,0.42294496,1.3502114
2024-01-03T10:00:00,0.6166295,1.3646804
2024-01-03T11:00:00,0.90608174,2.015147
2024-01-03T12:00:00,0.99176407,0.60097367
2024-01-03T13:00:00,0.9992248,0.052603755
2024-01-03T14:00:00,0.9999118,0.004854925
2024-01-03T15:00:00,0.87729573,-0.7038618
2024-01-03T16:00:00,0.7656947,-0.6398374
2024-01-03T17:00:00,0.56674725,-1.1518914
2024-01-03T18:00:00,0.41956526,-0.84721994
2024-01-03T19:00:00,0.031089455,-2.2972605
2024-01-03T20:00:00,1.2368579e-05,-0.18384819
2024-01-03T21:00:00,0.0,-7.1359056e-05
2024-01-03T22:00:00,0.0,0.0
2024-01-03T23:00:00,0.0,0.0
2024-01-04T00:00:00,0.0,0.0
2024-01-04T01:00:00,0.0,0.0
2024-01-04T02:00:00,0.0,0.0
2024-01-04T03:00:00,0.0,0.0
2024-01-04T04:00:00,0.0,0.0
2024-01-04T05:00:00,0.0,0.0
2024-01-04T06:00:00,0.0,0.0
2024-01-04T07:00:00,0.0,0.0
2024-01-04T08:00:00,0.0,0.0
2024-01-04T09:00:00,0.21431534,1.5060533
2024-01-04T10:00:00,0.5191696,2.118402
2024-01-04T11:00:00,0.7839109,1.848713
2024-01-04T12:00:00,0.98247325,1.3828075
2024-01-04T13:00:00,0.9801074,-0.013398027
2024-01-04T14:00:00,0.9158585,-0.3663962
2024-01-04T15:00:00,0.9172331,0.0099426545
2024-01-04T16:00:00,0.83780175,-0.4537533
2024-01-04T17:00:00,0.5474673,-1.6982923
2024-01-04T18:00:00,0.32058218,-1.3177872
2024-01-04T19:00:00,0.0155083155,-1.7874327
2024-01-04T20:00:00,0.0,-0.09081176
2024-01-04T21:00:00,0.0,0.0
2024-01-04T22:00:00,0.0,0.0
2024-01-04T23:00:00,0.0,0.0
2024-01-05T00:00:00,0.0,0.0
2024-01-05T01:00:00,0.0,0.0
2024-01-05T02:00:00,0.0,0.0
2024-01-05T03:00:00,0.0,0.0
2024-01-05T04:00:00,0.0,0.0
2024-01-05T05:00:00,0.0,0.0
2024-01-05T06:00:00,0.0,0.0
2024-01-05T07:00:00,0.0,0.0
2024-01-05T08:00:00,0.2010232,1.415044
2024-01-05T09:00:00,0.38216314,1.278376
2024-01-05T10:00:00,0.56466955,1.2877904
2024-01-05T11:00:00,0.7581377,1.3631941
2024-01-05T12:00:00,0.808806,0.36394176
2024-01-05T13:00:00,0.8276138,0.1357018
2024-01-05T14:00:00,0.9856332,1.103044
2024-01-05T15:00:00,0.99851215,0.09171423
2024-01-05T16:00:00,0.9998088,0.009288467
2024-01-05T17:00:00,0.79302096,-1.198344
2024-01-05T18:00:00,0.40479404,-2.2957253
2024-01-05T19:00:00,0.049308583,-2.0944862
2024-01-05T20:00:00,0.0,-0.28663978
2024-01-05T21:00:00,0.0,0.0
2024-01-05T22:00:00,0.0,0.0
2024-01-05T23:00:00,0.028306616,0.2039625
2024-01-06T00:00:00,0.00020701495,-0.16091092
2024-01-06T01:00:00,2.3873101e-06,-0.0011854605
2024-01-06T02:00:00,4.829007e-08,-1.38303e-05
2024-01-06T03:00:00,0.0,-2.8235007e-07
2024-01-06T04:00:00,0.0,0.0
2024-01-06T05:00:00,0.0,0.0
2024-01-06T06:00:00,0.0,0.0
2024-01-06T07:00:00,0.0,0.0
2024-01-06T08:00:00,0.0,0.0
2024-01-06T09:00:00,0.0,0.0
2024-01-06T10:00:00,0.0,0.0
2024-01-06T11:00:00,0.3430336,2.3727982
2024-01-06T12:00:00,0.26109028,-0.4682354
2024-01-06T13:00:00,0.0062036323,-1.4919057
2024-01-06T14:00:00,8.143753e-05,-0.03631118
2024-01-06T15:00:00,0.0,-0.00047699607
2024-01-06T16:00:00,0.0,0.0
2024-01-06T17:00:00,0.0,0.0
2024-01-06T18:00:00,0.0,0.0
2024-01-06T19:00:00,0.0,0.0
2024-01-06T20:00:00,0.0,0.0
2024-01-06T21:00:00,0.0,0.0
2024-01-06T22:00:00,0.0,0.0
2024-01-06T23:00:00,0.0,0.0
2024-01-07T00:00:00,0.0,0.0
2024-01-07T01:00:00,0.0,0.0
2024-01-07T02:00:00,0.0,0.0
2024-01-07T03:00:00,0.0,0.0
2024-01-07T04:00:00,0.0,0.0
2024-01-07T05:00:00,0.0,0.0
2024-01-07T06:00:00,0.0,0.0
2024-01-07T07:00:00,0.0,0.0
2024-01-07T08:00:00,0.0,0.0
2024-01-07T09:00:00,0.04207839,0.30260617
2024-01-07T10:00:00,0.13740736,0.6805203
2024-01-07T11:00:00,0.2506083,0.8061429
2024-01-07T12:00:00,0.31800625,0.48298207
2024-01-07T13:00:00,0.5340186,1.5176525
2024-01-07T14:00:00,0.69706154,1.153391
2024-01-07T15:00:00,0.55667067,-0.8075107
2024-01-07T16:00:00,0.33688706,-1.2755202
2024-01-07T17:00:00,0.120516874,-1.2552278
2024-01-07T18:00:00,0.0008521952,-0.6991542
2024-01-07T19:00:00,2.6102132e-06,-0.0049790456
2024-01-07T20:00:00,0.0,-1.5021177e-05
2024-01-07T21:00:00,0.0,0.0
2024-01-07T22:00:00,0.0,0.0
2024-01-07T23:00:00,0.0,0.0
2024-01-08T00:00:00,0.0,0.0
2024-01-08T01:00:00,0.0,0.0
2024-01-08T02:00:00,0.0,0.0
2024-01-08T03:00:00,0.0,0.0
2024-01-08T04:00:00,0.0,0.0
2024-01-08T05:00:00,0.0,0.0
2024-01-08T06:00:00,0.0,0.0
2024-01-08T07:00:00,0.0,0.0
2024-01-08T08:00:00,0.0,0.0
2024-01-08T09:00:00,0.06603283,0.47328886
2024-01-08T10:00:00,0.20753886,1.0038939
2024-01-08T11:00:00,0.38629332,1.2619337
2024-01-08T12:00:00,0.49472848,0.77270234
2024-01-08T13:00:00,0.5075017,0.092240624
2024-01-08T14:00:00,0.8157169,2.1408849
2024-01-08T15:00:00,0.77968323,-0.20483948
2024-01-08T16:00:00,0.85056525,0.5077043
2024-01-08T17:00:00,0.89561844,0.323864
2024-01-08T18:00:00,0.4954837,-2.36927
2024-01-08T19:00:00,0.11196542,-2.2666962
2024-01-08T20:00:00,0.0,-0.6472437
2024-01-08T21:00:00,0.0,0.0
2024-01-08T22:00:00,0.0,0.0
2024-01-08T23:00:00,0.0,0.0
2024-01-09T00:00:00,0.0,0.0
2024-01-09T01:00:00,0.0,0.0
2024-01-09T02:00:00,0.0,0.0
2024-01-09T03:00:00,0.0,0.0
2024-01-09T04:00:00,0.0,0.0
2024-01-09T05:00:00,0.0,0.0
2024-01-09T06:00:00,0.0,0.0
2024-01-09T07:00:00,0.0,0.0
2024-01-09T08:00:00,0.0,0.0
2024-01-09T09:00:00,0.0,0.0
2024-01-09T10:00:00,0.0,0.0
2024-01-09T11:00:00,0.35097343,2.4254289
2024-01-09T12:00:00,0.61634153,1.852947
2024-01-09T13:00:00,0.8826264,1.8591379
2024-01-09T14:00:00,0.98860484,0.7507681
2024-01-09T15:00:00,0.99067974,0.015006723
2024-01-09T16:00:00,0.90951395,-0.463752
2024-01-09T17:00:00,0.73407835,-1.0130736
2024-01-09T18:00:00,0.6541569,-0.4565781
2024-01-09T19:00:00,0.36424378,-1.6957484
2024-01-09T20:00:00,0.042128604,-1.8908528
2024-01-09T21:00:00,0.0,-0.24643563
2024-01-09T22:00:00,0.0,0.0
2024-01-09T23:00:00,0.0,0.0
2024-01-10T00:00:00,0.0,0.0
2024-01-10T01:00:00,0.0,0.0
2024-01-10T02:00:00,0.0,0.0
2024-01-10T03:00:00,0.0,0.0
2024-01-10T04:00:00,0.0,0.0
2024-01-10T05:00:00,0.0,0.0
2024-01-10T06:00:00,0.0,0.0
2024-01-10T07:00:00,0.0,0.0
2024-01-10T08:00:00,0.07629522,0.5460689
2024-01-10T09:00:00,0.26867962,1.3557483
2024-01-10T10:00:00,0.46540442,1.3855563
2024-01-10T11:00:00,0.5912099,0.8943842
2024-01-10T12:00:00,0.68832105,0.6930741
2024-01-10T13:00:00,0.8783914,1.3398433
2024-01-10T14:00:00,0.98086053,0.7307806
2024-01-10T15:00:00,0.9648591,-0.090757795
2024-01-10T16:00:00,0.79507077,-0.97983974
2024-01-10T17:00:00,0.600898,-1.1236418
2024-01-10T18:00:00,0.3418444,-1.510062
2024-01-10T19:00:00,0.030674394,-1.8243848
2024-01-10T20:00:00,0.0,-0.17617597
2024-01-10T21:00:00,0.0,0.0
2024-01-10T22:00:00,0.0005371732,0.0038859588
2024-01-10T23:00:00,7.660792e-06,-0.0030415182
2024-01-11T00:00:00,3.8978072e-08,-4.4003576e-05
2024-01-11T01:00:00,0.0,-2.2393661e-07
2024-01-11T02:00:00,0.0,0.0
2024-01-11T03:00:00,0.0,0.0
2024-01-11T04:00:00,0.0,0.0
2024-01-11T05:00:00,0.0,0.0
2024-01-11T06:00:00,0.0,0.0
2024-01-11T07:00:00,0.0,0.0
2024-01-11T08:00:00,0.0,0.0
2024-01-11T09:00:00,0.097622186,0.6966728
2024-01-11T10:00:00,0.21649146,0.84586173
2024-01-11T11:00:00,0.36516657,1.0537494
2024-01-11T12:00:00,0.5698057,1.439825
2024-01-11T13:00:00,0.9029519,2.3071268
2024-01-11T14:00:00,0.991608,0.62055737
2024-01-11T15:00:00,0.99899256,0.053155042
2024-01-11T16:00:00,0.9380936,-0.34716114
2024-01-11T17:00:00,0.7668889,-0.9881708
2024-01-11T18:00:00,0.6363413,-0.75006187
2024-01-11T19:00:00,0.29878792,-1.9848763
2024-01-11T20:00:00,0.001649284,-1.7569283
2024-01-11T21:00:00,0.0,-0.009542277
2024-01-11T22:00:00,0.0,0.0
2024-01-11T23:00:00,0.0,0.0
2024-01-12T00:00:00,0.0,0.0
2024-01-12T01:00:00,0.0,0.0
2024-01-12T02:00:00,0.0,0.0
2024-01-12T03:00:00,0.0,0.0
2024-01-12T04:00:00,0.0,0.0
2024-01-12T05:00:00,0.0,0.0
2024-01-12T06:00:00,0.0,0.0
2024-01-12T07:00:00,0.0,0.0
2024-01-12T08:00:00,0.08654027,0.61852396
2024-01-12T09:00:00,0.25701594,1.2047936
2024-01-12T10:00:00,0.421292,1.1619254
2024-01-12T11:00:00,0.6523973,1.6206057
2024-01-12T12:00:00,0.6811426,0.20711085
2024-01-12T13:00:00,0.97498006,2.04008
2024-01-12T14:00:00,0.99727535,0.15951031
2024-01-12T15:00:00,0.9996179,0.016819619
2024-01-12T16:00:00,0.9998753,0.0018273932
2024-01-12T17:00:00,0.9999007,0.00017981634
2024-01-12T18:00:00,0.79336286,-1.1968616
2024-01-12T19:00:00,0.6799961,-0.65009004
2024-01-12T20:00:00,0.35747936,-1.8932943
2024-01-12T21:00:00,0.0021557508,-2.0985382
2024-01-12T22:00:00,0.0,-0.012275687
2024-01-12T23:00:00,0.0,0.0
2024-01-13T00:00:00,0.0,0.0
2024-01-13T01:00:00,0.0,0.0
2024-01-13T02:00:00,0.0,0.0
2024-01-13T03:00:00,0.0,0.0
2024-01-13T04:00:00,0.0,0.0
2024-01-13T05:00:00,0.0,0.0
2024-01-13T06:00:00,0.0,0.0
2024-01-13T07:00:00,0.0,0.0
2024-01-13T08:00:00,0.0,0.0
2024-01-13T09:00:00,0.024473093,0.17643602
2024-01-13T10:00:00,0.00047548176,-0.1390434
2024-01-13T11:00:00,4.8975467e-06,-0.002754966
2024-01-13T12:00:00,0.15795916,1.1181425
2024-01-13T13:00:00,0.0007534482,-0.91398484
2024-01-13T14:00:00,1.4035492e-05,-0.0043805037
2024-01-13T15:00:00,0.0,-8.307061e-05
2024-01-13T16:00:00,0.0,0.0
2024-01-13T17:00:00,0.0,0.0
2024-01-13T18:00:00,0.0,0.0
2024-01-13T19:00:00,0.0,0.0
2024-01-13T20:00:00,0.0,0.0
2024-01-13T21:00:00,0.0,0.0
2024-01-13T22:00:00,0.0,0.0
2024-01-13T23:00:00,0.0,0.0
2024-01-14T00:00:00,0.0,0.0
2024-01-14T01:00:00,0.0016869248,0.012201346
2024-01-14T02:00:00,5.9886053e-05,-0.009553085
2024-01-14T03:00:00,0.0,-0.00034695416
2024-01-14T04:00:00,0.0,0.0
2024-01-14T05:00:00,0.0,0.0
2024-01-14T06:00:00,0.0,0.0
2024-01-14T07:00:00,0.0,0.0
2024-01-14T08:00:00,0.0,0.0
2024-01-14T09:00:00,0.06796097,0.48697865
2024-01-14T10:00:00,0.24394234,1.2428071
2024-01-14T11:00:00,0.27599886,0.23085995
2024-01-14T12:00:00,0.3972008,0.86218977
2024-01-14T13:00:00,0.3463115,-0.28977305
2024-01-14T14:00:00,0.24592702,-0.57480335
2024-01-14T15:00:00,0.047215626,-1.150494
2024-01-14T16:00:00,0.0008831045,-0.2733678
2024-01-14T17:00:00,0.0,-0.005202577
2024-01-14T18:00:00,0.0,0.0
2024-01-14T19:00:00,0.0,0.0
2024-01-14T20:00:00,0.0,0.0
2024-01-14T21:00:00,0.0,0.0
2024-01-14T22:00:00,0.0,0.0
2024-01-14T23:00:00,0.0,0.0
2024-01-15T00:00:00,0.0,0.0
2024-01-15T01:00:00,0.0,0.0
2024-01-15T02:00:00,0.0,0.0
2024-01-15T03:00:00,0.0,0.0
2024-01-15T04:00:00,0.0,0.0
2024-01-15T05:00:00,0.0,0.0
2024-01-15T06:00:00,0.0,0.0
2024-01-15T07:00:00,0.0,0.0
2024-01-15T08:00:00,0.0,0.0
2024-01-15T09:00:00,0.14263548,1.0117545
2024-01-15T10:00:00,0.30653134,1.1592941
2024-01-15T11:00:00,0.4467668,0.9950485
2024-01-15T12:00:00,0.5975476,1.0683756
2024-01-15T13:00:00,0.66582966,0.4892577
2024-01-15T14:00:00,0.6909438,0.18104076
2024-01-15T15:00:00,0.68272644,-0.046566628
2024-01-15T16:00:00,0.62319237,-0.3393283
2024-01-15T17:00:00,0.49910885,-0.71240324
2024-01-15T18:00:00,0.24667837,-1.4703727
2024-01-15T19:00:00,0.00067765615,-1.4368674
2024-01-15T20:00:00,0.0,-0.0039026306
2024-01-15T21:00:00,0.0,0.0
2024-01-15T22:00:00,0.0,0.0
2024-01-15T23:00:00,0.0,0.0
2024-01-16T00:00:00,0.0,0.0
2024-01-16T01:00:00,0.0,0.0
2024-01-16T02:00:00,0.0,0.0
2024-01-16T03:00:00,0.0,0.0
2024-01-16T04:00:00,0.0,0.0
2024-01-16T05:00:00,0.0,0.0
2024-01-16T06:00:00,0.0,0.0
2024-01-16T07:00:00,0.0,0.0
2024-01-16T08:00:00,0.009824752,0.07097847
2024-01-16T09:00:00,0.18293586,1.2229964
2024-01-16T10:00:00,0.33571002,1.0822139
2024-01-16T11:00:00,0.47029662,0.95568687
2024-01-16T12:00:00,0.61356187,1.0161366
2024-01-16T13:00:00,0.75417066,0.99764794
2024-01-16T14:00:00,0.90896344,1.0962206
2024-01-16T15:00:00,0.9859366,0.55086935
2024-01-16T16:00:00,0.9637563,-0.12589076
2024-01-16T17:00:00,0.6599373,-1.7798325
2024-01-16T18:00:00,0.2583411,-2.3783097
2024-01-16T19:00:00,0.0,-1.5062816
2024-01-16T20:00:00,0.0,0.0
2024-01-16T21:00:00,0.0,0.0
2024-01-16T22:00:00,0.0,0.0
2024-01-16T23:00:00,0.0,0.0
2024-01-17T00:00:00,0.0,0.0
2024-01-17T01:00:00,0.0,0.0
2024-01-17T02:00:00,0.0,0.0
2024-01-17T03:00:00,0.0,0.0
2024-01-17T04:00:00,0.0,0.0
2024-01-17T05:00:00,0.0,0.0
2024-01-17T06:00:00,0.0,0.0
2024-01-17T07:00:00,0.038832452,0.27939054
2024-01-17T08:00:00,0.13488707,0.6856325
2024-01-17T09:00:00,0.120343745,-0.0824741
2024-01-17T10:00:00,0.27281287,1.0800967
2024-01-17T11:00:00,0.34803587,0.5384743
2024-01-17T12:00:00,0.65559477,2.136496
2024-01-17T13:00:00,0.6067769,-0.27791324
2024-01-17T14:00:00,0.74373025,0.9721855
2024-01-17T15:00:00,0.80246204,0.42138636
2024-01-17T16:00:00,0.82341427,0.15112814
2024-01-17T17:00:00,0.7810648,-0.24091402
2024-01-17T18:00:00,0.39524567,-2.2808774
2024-01-17T19:00:00,0.17374066,-1.2857597
2024-01-17T20:00:00,0.059961233,-0.65248656
2024-01-17T21:00:00,0.001704036,-0.3438574
2024-01-17T22:00:00,0.0,-0.009700979
2024-01-17T23:00:00,0.0,0.0
2024-01-18T00:00:00,0.0,0.0
2024-01-18T01:00:00,0.0,0.0
2024-01-18T02:00:00,0.0,0.0
2024-01-18T03:00:00,0.0,0.0
2024-01-18T04:00:00,0.0,0.0
2024-01-18T05:00:00,0.0,0.0
2024-01-18T06:00:00,0.0,0.0
2024-01-18T07:00:00,0.0,0.0
2024-01-18T08:00:00,0.0,0.0
2024-01-18T09:00:00,0.0,0.0
2024-01-18T10:00:00,0.0,0.0
2024-01-18T11:00:00,0.25666586,1.7941144
2024-01-18T12:00:00,0.46991062,1.4987333
2024-01-18T13:00:00,0.46916622,-0.0042148638
2024-01-18T14:00:00,0.57942,0.7854679
2024-01-18T15:00:00,0.561982,-0.09892176
2024-01-18T16:00:00,0.5215665,-0.2298618
2024-01-18T17:00:00,0.22078682,-1.7614329
2024-01-18T18:00:00,0.0016697696,-1.2929769
2024-01-18T19:00:00,0.0,-0.009550038
2024-01-18T20:00:00,0.0,0.0
2024-01-18T21:00:00,0.0,0.0
2024-01-18T22:00:00,0.0,0.0
2024-01-18T23:00:00,0.0,0.0
2024-01-19T00:00:00,0.0,0.0
2024-01-19T01:00:00,0.0,0.0
2024-01-19T02:00:00,0.0,0.0
2024-01-19T03:00:00,0.0,0.0
2024-01-19T04:00:00,0.0,0.0
2024-01-19T05:00:00,0.0,0.0
2024-01-19T06:00:00,0.0,0.0
2024-01-19T07:00:00,0.0,0.0
2024-01-19T08:00:00,0.0,0.0
2024-01-19T09:00:00,0.0,0.0
2024-01-19T10:00:00,0.01975287,0.14250167
2024-01-19T11:00:00,0.26489034,1.715989
2024-01-19T12:00:00,0.49213848,1.5943308
2024-01-19T13:00:00,0.81678224,2.2505374
2024-01-19T14:00:00,0.737194,-0.4546575
2024-01-19T15:00:00,0.71151894,-0.14578396
2024-01-19T16:00:00,0.6644701,-0.26778927
2024-01-19T17:00:00,0.57078636,-0.53602976
2024-01-19T18:00:00,0.21257773,-2.111169
2024-01-19T19:00:00,0.0,-1.2431395
2024-01-19T20:00:00,0.0,0.0
2024-01-19T21:00:00,0.0,0.0
2024-01-19T22:00:00,0.0,0.0
2024-01-19T23:00:00,0.0,0.0
2024-01-20T00:00:00,0.0,0.0
2024-01-20T01:00:00,0.0,0.0
2024-01-20T02:00:00,0.0,0.0
2024-01-20T03:00:00,0.0,0.0
2024-01-20T04:00:00,0.0,0.0
2024-01-20T05:00:00,0.0,0.0
2024-01-20T06:00:00,0.0,0.0
2024-01-20T07:00:00,0.014388456,0.10388097
2024-01-20T08:00:00,9.472246e-05,-0.08163048
2024-01-20T09:00:00,4.124231e-08,-0.00054095313
2024-01-20T10:00:00,1.3583101e-10,-2.3563445e-07
2024-01-20T11:00:00,0.18341687,1.2940611
2024-01-20T12:00:00,0.4517741,1.8731273
2024-01-20T13:00:00,0.49909782,0.34007758
2024-01-20T14:00:00,0.5281136,0.20905119
2024-01-20T15:00:00,0.62282413,0.67616254
2024-01-20T16:00:00,0.7504377,0.9070182
2024-01-20T17:00:00,0.47053665,-1.6353667
2024-01-20T18:00:00,0.2635194,-1.1997044
2024-01-20T19:00:00,0.06669274,-1.13934
2024-01-20T20:00:00,0.0,-0.3852313
2024-01-20T21:00:00,0.0,0.0
2024-01-20T22:00:00,0.0,0.0
2024-01-20T23:00:00,0.0,0.0
2024-01-21T00:00:00,0.0,0.0
2024-01-21T01:00:00,0.0,0.0
2024-01-21T02:00:00,0.0,0.0
2024-01-21T03:00:00,0.0,0.0
2024-01-21T04:00:00,0.0,0.0
2024-01-21T05:00:00,0.0,0.0
2024-01-21T06:00:00,0.0,0.0
2024-01-21T07:00:00,0.0,0.0
2024-01-21T08:00:00,0.0,0.0
2024-01-21T09:00:00,0.0,0.0
2024-01-21T10:00:00,0.0,0.0
2024-01-21T11:00:00,0.0,0.0
2024-01-21T12:00:00,0.15909961,1.12608
2024-01-21T13:00:00,0.11649038,-0.24239875
2024-01-21T14:00:00,0.16022982,0.3144782
2024-01-21T15:00:00,0.18439034,0.17419033
2024-01-21T16:00:00,0.3101853,0.8943109
2024-01-21T17:00:00,0.39757264,0.6245056
2024-01-21T18:00:00,0.012292267,-2.2787075
2024-01-21T19:00:00,0.0,-0.07255942
2024-01-21T20:00:00,0.0,0.0
2024-01-21T21:00:00,0.0,0.0
2024-01-21T22:00:00,0.0,0.0
2024-01-21T23:00:00,0.0,0.0
2024-01-22T00:00:00,0.0,0.0
2024-01-22T01:00:00,0.0,0.0
2024-01-22T02:00:00,0.0,0.0
2024-01-22T03:00:00,0.0,0.0
2024-01-22T04:00:00,0.0,0.0
2024-01-22T05:00:00,0.0,0.0
2024-01-22T06:00:00,0.0,0.0
2024-01-22T07:00:00,0.0,0.0
2024-01-22T08:00:00,0.0,0.0
2024-01-22T09:00:00,0.0,0.0
2024-01-22T10:00:00,0.0,0.0
2024-01-22T11:00:00,0.22154228,1.5554175
2024-01-22T12:00:00,0.5434228,2.2321227
2024-01-22T13:00:00,0.6803738,0.9721688
2024-01-22T14:00:00,0.78862166,0.7713873
2024-01-22T15:00:00,0.73029983,-0.33237344
2024-01-22T16:00:00,0.71668863,-0.077179834
2024-01-22T17:00:00,0.48004633,-1.3759694
2024-01-22T18:00:00,0.09819387,-2.2564335
2024-01-22T19:00:00,0.0,-0.5678136
2024-01-22T20:00:00,0.0,0.0
2024-01-22T21:00:00,0.0,0.0
2024-01-22T22:00:00,0.0,0.0
2024-01-22T23:00:00,0.0,0.0
2024-01-23T00:00:00,0.0,0.0
2024-01-23T01:00:00,0.0,0.0
2024-01-23T02:00:00,0.0,0.0
2024-01-23T03:00:00,0.0,0.0
2024-01-23T04:00:00,0.0,0.0
2024-01-23T05:00:00,0.0,0.0
2024-01-23T06:00:00,0.0,0.0
2024-01-23T07:00:00,0.0,0.0
2024-01-23T08:00:00,0.0,0.0
2024-01-23T09:00:00,0.0,0.0
2024-01-23T10:00:00,0.0,0.0
2024-01-23T11:00:00,0.16567229,1.1715856
2024-01-23T12:00:00,0.39727834,1.6240153
2024-01-23T13:00:00,0.5928648,1.377742
2024-01-23T14:00:00,0.63227946,0.28355592
2024-01-23T15:00:00,0.6546944,0.16164526
2024-01-23T16:00:00,0.73645353,0.584736
2024-01-23T17:00:00,0.45305452,-1.6564475
2024-01-23T18:00:00,0.36136115,-0.5245241
2024-01-23T19:00:00,0.011464551,-2.0671358
2024-01-23T20:00:00,0.0,-0.06641003
2024-01-23T21:00:00,0.0,0.0
2024-01-23T22:00:00,0.0,0.0
2024-01-23T23:00:00,0.0,0.0
2024-01-24T00:00:00,0.0,0.0
2024-01-24T01:00:00,0.0,0.0
2024-01-24T02:00:00,0.0,0.0
2024-01-24T03:00:00,0.0,0.0
2024-01-24T04:00:00,0.0,0.0
2024-01-24T05:00:00,0.0,0.0
2024-01-24T06:00:00,0.0,0.0
2024-01-24T07:00:00,0.0,0.0
2024-01-24T08:00:00,0.0,0.0
2024-01-24T09:00:00,0.0,0.0
2024-01-24T10:00:00,0.0,0.0
2024-01-24T11:00:00,0.0,0.0
2024-01-24T12:00:00,0.13958694,0.9905324
2024-01-24T13:00:00,0.45293722,2.175203
2024-01-24T14:00:00,0.5690579,0.82660943
2024-01-24T15:00:00,0.5827335,0.09874466
2024-01-24T16:00:00,0.4619731,-0.69306487
2024-01-24T17:00:00,0.33972642,-0.7017123
2024-01-24T18:00:00,0.092414506,-1.439737
2024-01-24T19:00:00,0.0,-0.5310798
2024-01-24T20:00:00,0.0,0.0
2024-01-24T21:00:00,0.0,0.0
2024-01-24T22:00:00,0.0,0.0
2024-01-24T23:00:00,0.0,0.0
2024-01-25T00:00:00,0.0,0.0
2024-01-25T01:00:00,0.0,0.0
2024-01-25T02:00:00,0.0,0.0
2024-01-25T03:00:00,0.0,0.0
2024-01-25T04:00:00,0.0,0.0
2024-01-25T05:00:00,0.0,0.0
2024-01-25T06:00:00,0.0,0.0
2024-01-25T07:00:00,0.0,0.0
2024-01-25T08:00:00,0.0,0.0
2024-01-25T09:00:00,0.0,0.0
2024-01-25T10:00:00,0.0,0.0
2024-01-25T11:00:00,0.2587666,1.8083279
2024-01-25T12:00:00,0.57662475,2.2052965
2024-01-25T13:00:00,0.8187776,1.6957281
2024-01-25T14:00:00,0.86270964,0.31585428
2024-01-25T15:00:00,0.88656527,0.17199947
2024-01-25T16:00:00,0.7978724,-0.5071886
2024-01-25T17:00:00,0.7414185,-0.3216608
2024-01-25T18:00:00,0.65467155,-0.49595195
2024-01-25T19:00:00,0.37795824,-1.6161696
2024-01-25T20:00:00,0.19387825,-1.0640271
2024-01-25T21:00:00,0.0025101712,-1.1206633
2024-01-25T22:00:00,2.1575588e-05,-0.014699718
2024-01-25T23:00:00,0.0,-0.0001244728
2024-01-26T00:00:00,0.0,0.0
2024-01-26T01:00:00,0.0,0.0
2024-01-26T02:00:00,0.0,0.0
2024-01-26T03:00:00,0.0,0.0
2024-01-26T04:00:00,0.0,0.0
2024-01-26T05:00:00,0.0,0.0
2024-01-26T06:00:00,0.0,0.0
2024-01-26T07:00:00,0.0,0.0
2024-01-26T08:00:00,0.0,0.0
2024-01-26T09:00:00,0.0,0.0
2024-01-26T10:00:00,0.061114457,0.43833584
2024-01-26T11:00:00,0.14152892,0.57522523
2024-01-26T12:00:00,0.44816053,2.1302936
2024-01-26T13:00:00,0.80632,2.472983
2024-01-26T14:00:00,0.9822094,1.2383133
2024-01-26T15:00:00,0.99804634,0.11261514
2024-01-26T16:00:00,0.9996241,0.0112580685
2024-01-26T17:00:00,0.9997867,0.0011605084
2024-01-26T18:00:00,0.9998033,0.00011985314
2024-01-26T19:00:00,0.97361374,-0.1487139
2024-01-26T20:00:00,0.7953656,-1.0296412
2024-01-26T21:00:00,0.5623956,-1.3540567
2024-01-26T22:00:00,0.26641122,-1.7324276
2024-01-26T23:00:00,0.17335339,-0.5324112
2024-01-27T00:00:00,0.0019204755,-0.9918058
2024-01-27T01:00:00,0.0,-0.010927427
2024-01-27T02:00:00,0.0,0.0
2024-01-27T03:00:00,0.0,0.0
2024-01-27T04:00:00,0.0,0.0
2024-01-27T05:00:00,0.0,0.0
2024-01-27T06:00:00,0.0,0.0
2024-01-27T07:00:00,0.0,0.0
2024-01-27T08:00:00,0.0,0.0
2024-01-27T09:00:00,0.0,0.0
2024-01-27T10:00:00,0.0,0.0
2024-01-27T11:00:00,0.11362532,0.8091187
2024-01-27T12:00:00,0.4326902,2.213347
2024-01-27T13:00:00,0.66164416,1.605954
2024-01-27T14:00:00,0.9073926,1.7201349
2024-01-27T15:00:00,0.990392,0.591381
2024-01-27T16:00:00,0.9988117,0.06018187
2024-01-27T17:00:00,0.9009101,-0.56042975
2024-01-27T18:00:00,0.57538915,-1.9115679
2024-01-27T19:00:00,0.29123732,-1.6609865
2024-01-27T20:00:00,0.0043256246,-1.6776333
2024-01-27T21:00:00,0.0,-0.024933858
2024-01-27T22:00:00,0.0,0.0
2024-01-27T23:00:00,0.0,0.0
2024-01-28T00:00:00,0.0,0.0
2024-01-28T01:00:00,0.0,0.0
2024-01-28T02:00:00,0.0,0.0
2024-01-28T03:00:00,0.0,0.0
2024-01-28T04:00:00,0.0,0.0
2024-01-28T05:00:00,0.0,0.0
2024-01-28T06:00:00,0.0,0.0
2024-01-28T07:00:00,0.0,0.0
2024-01-28T08:00:00,0.0,0.0
2024-01-28T09:00:00,0.0,0.0
2024-01-28T10:00:00,0.0,0.0
2024-01-28T11:00:00,0.008495229,0.06138508
2024-01-28T12:00:00,0.36622503,2.4701414
2024-01-28T13:00:00,0.5338885,1.1853567
2024-01-28T14:00:00,0.66840845,0.95522195
2024-01-28T15:00:00,0.6917833,0.16854489
2024-01-28T16:00:00,0.6366954,-0.3138292
2024-01-28T17:00:00,0.2466414,-2.3069973
2024-01-28T18:00:00,0.0,-1.4520265
2024-01-28T19:00:00,0.0,0.0
2024-01-28T20:00:00,0.0,0.0
2024-01-28T21:00:00,0.0,0.0
2024-01-28T22:00:00,0.0,0.0
2024-01-28T23:00:00,0.0,0.0
2024-01-29T00:00:00,0.0,0.0
2024-01-29T01:00:00,0.0,0.0
2024-01-29T02:00:00,0.0,0.0
2024-01-29T03:00:00,0.0,0.0
2024-01-29T04:00:00,0.0,0.0
2024-01-29T05:00:00,0.0,0.0
2024-01-29T06:00:00,0.041900493,0.30133432
2024-01-29T07:00:00,0.00016974301,-0.23864348
2024-01-29T08:00:00,4.651118e-06,-0.0009707006
2024-01-29T09:00:00,0.0,-2.6923159e-05
2024-01-29T10:00:00,0.0,0.0
2024-01-29T11:00:00,0.030141667,0.21712852
2024-01-29T12:00:00,0.19220766,1.1466272
2024-01-29T13:00:00,0.27292907,0.5773964
2024-01-29T14:00:00,0.2789045,0.04319305
2024-01-29T15:00:00,0.33731335,0.4190879
2024-01-29T16:00:00,0.22984539,-0.6158545
2024-01-29T17:00:00,0.004385083,-1.317149
2024-01-29T18:00:00,2.8727187e-05,-0.02561785
2024-01-29T19:00:00,0.0,-0.00016745084
2024-01-29T20:00:00,0.0,0.0
2024-01-29T21:00:00,0.0,0.0
2024-01-29T22:00:00,0.0,0.0
2024-01-29T23:00:00,0.0,0.0
2024-01-30T00:00:00,0.0,0.0
2024-01-30T01:00:00,0.0,0.0
2024-01-30T02:00:00,0.0,0.0
2024-01-30T03:00:00,0.0,0.0
2024-01-30T04:00:00,0.0,0.0
2024-01-30T05:00:00,0.0,0.0
2024-01-30T06:00:00,0.0,0.0
2024-01-30T07:00:00,0.0,0.0
2024-01-30T08:00:00,0.0,0.0
2024-01-30T09:00:00,0.0,0.0
2024-01-30T10:00:00,0.0,0.0
2024-01-30T11:00:00,0.0,0.0
2024-01-30T12:00:00,0.12455455,0.88563985
2024-01-30T13:00:00,0.2884861,1.1595411
2024-01-30T14:00:00,0.23404935,-0.31009686
2024-01-30T15:00:00,0.26035252,0.18958053
2024-01-30T16:00:00,0.009283137,-1.4795718
2024-01-30T17:00:00,0.0,-0.054584138
2024-01-30T18:00:00,0.0,0.0
2024-01-30T19:00:00,0.051726326,0.3714865
2024-01-30T20:00:00,0.00036005754,-0.29501233
2024-01-30T21:00:00,8.413007e-06,-0.0020679217
2024-01-30T22:00:00,1.3426431e-08,-4.9474504e-05
2024-01-30T23:00:00,5.499105e-11,-7.9083236e-08
2024-01-31T00:00:00,0.0,-3.2391337e-10
2024-01-31T01:00:00,0.0,0.0
2024-01-31T02:00:00,0.0,0.0
2024-01-31T03:00:00,0.0,0.0
2024-01-31T04:00:00,0.0,0.0
2024-01-31T05:00:00,0.0,0.0
2024-01-31T06:00:00,0.0,0.0
2024-01-31T07:00:00,0.0,0.0
2024-01-31T08:00:00,0.0,0.0
2024-01-31T09:00:00,0.0,0.0
2024-01-31T10:00:00,0.0,0.0
2024-01-31T11:00:00,0.0,0.0
2024-01-31T12:00:00,0.0,0.0
2024-01-31T13:00:00,0.08703957,0.62205
2024-01-31T14:00:00,0.15167604,0.46337035
2024-01-31T15:00:00,0.22943503,0.5564332
2024-01-31T16:00:00,0.00616686,-1.3132795
2024-01-31T17:00:00,1.0030312e-05,-0.03627392
2024-01-31T18:00:00,1.651406e-08,-5.9095142e-05
2024-01-31T19:00:00,2.1528793e-11,-9.74556e-08
2024-01-31T20:00:00,0.0,-1.2388117e-10
2024-01-31T21:00:00,0.0,0.0
2024-01-31T22:00:00,0.0,0.0
2024-01-31T23:00:00,0.0,0.0
2024-02-01T00:00:00,0.0,0.0
2024-02-01T01:00:00,0.0,0.0
2024-02-01T02:00:00,0.0,0.0
2024-02-01T03:00:00,0.0,0.0
2024-02-01T04:00:00,0.0,0.0
2024-02-01T05:00:00,0.0,0.0
2024-02-01T06:00:00,0.0,0.0
2024-02-01T07:00:00,0.0,0.0
2024-02-01T08:00:00,0.0,0.0
2024-02-01T09:00:00,0.0,0.0
2024-02-01T10:00:00,0.0,0.0
2024-02-01T11:00:00,0.0,0.0
2024-02-01T12:00:00,0.09013979,0.64393306
2024-02-01T13:00:00,0.27783796,1.3235294
2024-02-01T14:00:00,0.3424974,0.46353358
2024-02-01T15:00:00,0.44317004,0.71814364
2024-02-01T16:00:00,0.41249454,-0.17427489
2024-02-01T17:00:00,0.029291928,-2.2647512
2024-02-01T18:00:00,0.0,-0.17053334
2024-02-01T19:00:00,0.0,0.0
2024-02-01T20:00:00,0.0,0.0
2024-02-01T21:00:00,0.0,0.0
2024-02-01T22:00:00,0.0,0.0
2024-02-01T23:00:00,0.0,0.0
2024-02-02T00:00:00,0.0,0.0
2024-02-02T01:00:00,0.0,0.0
2024-02-02T02:00:00,0.0,0.0
2024-02-02T03:00:00,0.0,0.0
2024-02-02T04:00:00,0.0,0.0
2024-02-02T05:00:00,0.0,0.0
2024-02-02T06:00:00,0.0,0.0
2024-02-02T07:00:00,0.0,0.0
2024-02-02T08:00:00,0.0,0.0
2024-02-02T09:00:00,0.0,0.0
2024-02-02T10:00:00,0.0,0.0
2024-02-02T11:00:00,0.18350774,1.2946869
2024-02-02T12:00:00,0.5337776,2.420769
2024-02-02T13:00:00,0.79219025,1.8059336
2024-02-02T14:00:00,0.9815178,1.3284795
2024-02-02T15:00:00,0.9981315,0.116776645
2024-02-02T16:00:00,0.9995864,0.010448244
2024-02-02T17:00:00,0.7921938,-1.2019309
2024-02-02T18:00:00,0.39712578,-2.3379538
2024-02-02T19:00:00,0.011979684,-2.2767284
2024-02-02T20:00:00,0.0,-0.07035728
2024-02-02T21:00:00,0.0,0.0
2024-02-02T22:00:00,0.0,0.0
2024-02-02T23:00:00,0.0,0.0
2024-02-03T00:00:00,0.0,0.0
2024-02-03T01:00:00,0.0,0.0
2024-02-03T02:00:00,0.0,0.0
2024-02-03T03:00:00,0.0,0.0
2024-02-03T04:00:00,0.0,0.0
2024-02-03T05:00:00,0.0,0.0
2024-02-03T06:00:00,0.0,0.0
2024-02-03T07:00:00,0.0,0.0
2024-02-03T08:00:00,0.0,0.0
2024-02-03T09:00:00,0.17153321,1.2120993
2024-02-03T10:00:00,0.31216612,0.99781567
2024-02-03T11:00:00,0.45820427,1.0354221
2024-02-03T12:00:00,0.5867567,0.9135762
2024-02-03T13:00:00,0.91122353,2.2493587
2024-02-03T14:00:00,0.9879588,0.54918516
2024-02-03T15:00:00,0.99841154,0.075489394
2024-02-03T16:00:00,0.99960864,0.008591432
2024-02-03T17:00:00,0.82610404,-1.0017052
2024-02-03T18:00:00,0.48591748,-2.0009449
2024-02-03T19:00:00,0.10585493,-2.2454104
2024-02-03T20:00:00,0.0,-0.62394816
2024-02-03T21:00:00,0.0,0.0
2024-02-03T22:00:00,0.0,0.0
2024-02-03T23:00:00,0.009646664,0.06969367
2024-02-04T00:00:00,0.00013396352,-0.054691643
2024-02-04T01:00:00,0.0,-0.00076688925
2024-02-04T02:00:00,0.0,0.0
2024-02-04T03:00:00,0.0,0.0
2024-02-04T04:00:00,0.0,0.0
2024-02-04T05:00:00,0.0,0.0
2024-02-04T06:00:00,0.0,0.0
2024-02-04T07:00:00,0.0,0.0
2024-02-04T08:00:00,0.0,0.0
2024-02-04T09:00:00,0.0,0.0
2024-02-04T10:00:00,0.0,0.0
2024-02-04T11:00:00,0.0,0.0
2024-02-04T12:00:00,0.04574262,0.32878822
2024-02-04T13:00:00,0.36278164,2.1998305
2024-02-04T14:00:00,0.40865114,0.32969433
2024-02-04T15:00:00,0.38756186,-0.1196839
2024-02-04T16:00:00,0.36885363,-0.10614271
2024-02-04T17:00:00,0.46757594,0.7044182
2024-02-04T18:00:00,0.34758937,-0.6885636
2024-02-04T19:00:00,0.20604433,-0.8142551
2024-02-04T20:00:00,0.081894696,-0.71278816
2024-02-04T21:00:00,0.001037529,-0.47018722
2024-02-04T22:00:00,0.0,-0.0059820595
2024-02-04T23:00:00,0.0,0.0
2024-02-05T00:00:00,0.0,0.0
2024-02-05T01:00:00,0.0,0.0
2024-02-05T02:00:00,0.0,0.0
2024-02-05T03:00:00,0.0,0.0
2024-02-05T04:00:00,0.0,0.0
2024-02-05T05:00:00,0.0,0.0
2024-02-05T06:00:00,0.0,0.0
2024-02-05T07:00:00,0.0,0.0
2024-02-05T08:00:00,0.0,0.0
2024-02-05T09:00:00,0.0,0.0
2024-02-05T10:00:00,0.0,0.0
2024-02-05T11:00:00,0.010055301,0.07264167
2024-02-05T12:00:00,0.17791255,1.1866963
2024-02-05T13:00:00,0.41040984,1.6300822
2024-02-05T14:00:00,0.43592906,0.18395074
2024-02-05T15:00:00,0.38894227,-0.26743394
2024-02-05T16:00:00,0.34905142,-0.22686483
2024-02-05T17:00:00,0.2166229,-0.7610294
2024-02-05T18:00:00,0.055237185,-0.93046767
2024-02-05T19:00:00,0.0,-0.3180903
2024-02-05T20:00:00,0.0,0.0
2024-02-05T21:00:00,0.0,0.0
2024-02-05T22:00:00,0.0,0.0
2024-02-05T23:00:00,0.0,0.0
2024-02-06T00:00:00,0.0,0.0
2024-02-06T01:00:00,0.0,0.0
2024-02-06T02:00:00,0.0,0.0
2024-02-06T03:00:00,0.0,0.0
2024-02-06T04:00:00,0.0,0.0
2024-02-06T05:00:00,0.0,0.0
2024-02-06T06:00:00,0.0,0.0
2024-02-06T07:00:00,0.0,0.0
2024-02-06T08:00:00,0.0,0.0
2024-02-06T09:00:00,0.0,0.0
2024-02-06T10:00:00,0.0,0.0
2024-02-06T11:00:00,0.3487612,2.410774
2024-02-06T12:00:00,0.57935315,1.6171104
2024-02-06T13:00:00,0.9090802,2.284383
2024-02-06T14:00:00,0.97895837,0.5005835
2024-02-06T15:00:00,0.9636957,-0.08656035
2024-02-06T16:00:00,0.99574697,0.2306479
2024-02-06T17:00:00,0.77792495,-1.2638569
2024-02-06T18:00:00,0.5537416,-1.3016989
2024-02-06T19:00:00,0.24765973,-1.7935393
2024-02-06T20:00:00,0.04438564,-1.1775157
2024-02-06T21:00:00,0.0,-0.25551525
2024-02-06T22:00:00,0.0,0.0
2024-02-06T23:00:00,0.0,0.0
2024-02-07T00:00:00,0.0,0.0
2024-02-07T01:00:00,0.0,0.0
2024-02-07T02:00:00,0.0,0.0
2024-02-07T03:00:00,0.0,0.0
2024-02-07T04:00:00,0.0,0.0
2024-02-07T05:00:00,0.0,0.0
2024-02-07T06:00:00,0.0,0.0
2024-02-07T07:00:00,0.0,0.0
2024-02-07T08:00:00,0.0,0.0
2024-02-07T09:00:00,0.0,0.0
2024-02-07T10:00:00,0.0,0.0
2024-02-07T11:00:00,0.28438962,1.981127
2024-02-07T12:00:00,0.5579759,1.9083966
2024-02-07T13:00:00,0.63460183,0.54841083
2024-02-07T14:00:00,0.8528939,1.5332271
2024-02-07T15:00:00,0.87993133,0.19485258
2024-02-07T16:00:00,0.77688193,-0.5902398
2024-02-07T17:00:00,0.363533,-2.4511063
2024-02-07T18:00:00,0.0,-2.1452327
2024-02-07T19:00:00,0.0,0.0
2024-02-07T20:00:00,0.0,0.0
2024-02-07T21:00:00,0.0,0.0
2024-02-07T22:00:00,0.0,0.0
2024-02-07T23:00:00,0.0,0.0
2024-02-08T00:00:00,0.0,0.0
2024-02-08T01:00:00,0.0,0.0
2024-02-08T02:00:00,0.0,0.0
2024-02-08T03:00:00,0.0,0.0
2024-02-08T04:00:00,0.0,0.0
2024-02-08T05:00:00,0.0,0.0
2024-02-08T06:00:00,0.0,0.0
2024-02-08T07:00:00,0.0,0.0
2024-02-08T08:00:00,0.10185746,0.72647846
2024-02-08T09:00:00,0.40743154,2.1232185
2024-02-08T10:00:00,0.4705343,0.45247152
2024-02-08T11:00:00,0.5156543,0.32434174
2024-02-08T12:00:00,0.5217083,0.04376041
2024-02-08T13:00:00,0.69136417,1.1991287
2024-02-08T14:00:00,0.8592712,1.1870407
2024-02-08T15:00:00,0.81920207,-0.22788337
2024-02-08T16:00:00,0.44757462,-2.1935208
2024-02-08T17:00:00,0.050216284,-2.3521056
2024-02-08T18:00:00,0.0,-0.2940702
2024-02-08T19:00:00,0.0,0.0
2024-02-08T20:00:00,0.0,0.0
2024-02-08T21:00:00,0.0,0.0
2024-02-08T22:00:00,0.0,0.0
2024-02-08T23:00:00,0.0,0.0
2024-02-09T00:00:00,0.0,0.0
2024-02-09T01:00:00,0.0,0.0
2024-02-09T02:00:00,0.0,0.0
2024-02-09T03:00:00,0.0,0.0
2024-02-09T04:00:00,0.0,0.0
2024-02-09T05:00:00,0.0,0.0
2024-02-09T06:00:00,0.0,0.0
2024-02-09T07:00:00,0.0,0.0
2024-02-09T08:00:00,0.24324717,1.7031584
2024-02-09T09:00:00,0.5600249,2.198087
2024-02-09T10:00:00,0.7646019,1.4393992
2024-02-09T11:00:00,0.8237892,0.42462733
2024-02-09T12:00:00,0.78548604,-0.2177964
2024-02-09T13:00:00,0.9828363,1.3710173
2024-02-09T14:00:00,0.99809515,0.10796874
2024-02-09T15:00:00,0.999536,0.010311571
2024-02-09T16:00:00,0.7920062,-1.2027442
2024-02-09T17:00:00,0.37995204,-2.4430773
2024-02-09T18:00:00,0.0,-2.2494957
2024-02-09T19:00:00,0.0,0.0
2024-02-09T20:00:00,0.0,0.0
2024-02-09T21:00:00,0.0,0.0
2024-02-09T22:00:00,0.0,0.0
2024-02-09T23:00:00,0.0,0.0
2024-02-10T00:00:00,0.0,0.0
2024-02-10T01:00:00,0.0,0.0
2024-02-10T02:00:00,0.0,0.0
2024-02-10T03:00:00,0.0,0.0
2024-02-10T04:00:00,0.0,0.0
2024-02-10T05:00:00,0.0,0.0
2024-02-10T06:00:00,0.0,0.0
2024-02-10T07:00:00,0.03497573,0.25177914
2024-02-10T08:00:00,0.25113985,1.5186899
2024-02-10T09:00:00,0.035583448,-1.2503922
2024-02-10T10:00:00,0.048201956,0.091125436
2024-02-10T11:00:00,0.15195546,0.7398109
2024-02-10T12:00:00,0.41974962,1.8693273
2024-02-10T13:00:00,0.588366,1.191944
2024-02-10T14:00:00,0.67212427,0.5988692
2024-02-10T15:00:00,0.58123773,-0.5198616
2024-02-10T16:00:00,0.21049047,-2.1881118
2024-02-10T17:00:00,0.2569235,0.3337184
2024-02-10T18:00:00,0.0059229974,-1.4642342
2024-02-10T19:00:00,4.934897e-05,-0.034552347
2024-02-10T20:00:00,2.042523e-07,-0.00029030044
2024-02-10T21:00:00,0.0,-1.1951392e-06
2024-02-10T22:00:00,0.0,0.0
2024-02-10T23:00:00,0.0,0.0
2024-02-11T00:00:00,0.0,0.0
2024-02-11T01:00:00,0.0,0.0
2024-02-11T02:00:00,0.0,0.0
2024-02-11T03:00:00,0.0,0.0
2024-02-11T04:00:00,0.0,0.0
2024-02-11T05:00:00,0.0,0.0
2024-02-11T06:00:00,0.0,0.0
2024-02-11T07:00:00,0.0,0.0
2024-02-11T08:00:00,0.012402146,0.089565724
2024-02-11T09:00:00,0.00036342177,-0.07034153
2024-02-11T10:00:00,0.0,-0.0021214923
2024-02-11T11:00:00,0.0,0.0
2024-02-11T12:00:00,0.0,0.0
2024-02-11T13:00:00,0.0,0.0
2024-02-11T14:00:00,0.0,0.0
2024-02-11T15:00:00,0.0,0.0
2024-02-11T16:00:00,0.0,0.0
2024-02-11T17:00:00,0.0,0.0
2024-02-11T18:00:00,0.0,0.0
2024-02-11T19:00:00,0.0,0.0
2024-02-11T20:00:00,0.0,0.0
2024-02-11T21:00:00,0.0,0.0
2024-02-11T22:00:00,0.0,0.0
2024-02-11T23:00:00,0.0,0.0
2024-02-12T00:00:00,0.0,0.0
2024-02-12T01:00:00,0.0,0.0
2024-02-12T02:00:00,0.0,0.0
2024-02-12T03:00:00,0.0,0.0
2024-02-12T04:00:00,0.0,0.0
2024-02-12T05:00:00,0.0,0.0
2024-02-12T06:00:00,0.0,0.0
2024-02-12T07:00:00,0.0,0.0
2024-02-12T08:00:00,0.0,0.0
2024-02-12T09:00:00,0.0,0.0
2024-02-12T10:00:00,0.020968586,0.15124597
2024-02-12T11:00:00,0.0,-0.11903483
2024-02-12T12:00:00,0.004833583,0.03494499
2024-02-12T13:00:00,0.16083393,1.1045959
2024-02-12T14:00:00,0.1766153,0.11391486
2024-02-12T15:00:00,0.095381565,-0.4641436
2024-02-12T16:00:00,0.0026446052,-0.5449798
2024-02-12T17:00:00,0.0,-0.015456297
2024-02-12T18:00:00,0.0,0.0
2024-02-12T19:00:00,0.0,0.0
2024-02-12T20:00:00,0.0,0.0
2024-02-12T21:00:00,0.0,0.0
2024-02-12T22:00:00,0.0,0.0
2024-02-12T23:00:00,0.0,0.0
2024-02-13T00:00:00,0.0,0.0
2024-02-13T01:00:00,0.0,0.0
2024-02-13T02:00:00,0.0,0.0
2024-02-13T03:00:00,0.0,0.0
2024-02-13T04:00:00,0.0,0.0
2024-02-13T05:00:00,0.0,0.0
2024-02-13T06:00:00,0.0,0.0
2024-02-13T07:00:00,0.0,0.0
2024-02-13T08:00:00,0.0,0.0
2024-02-13T09:00:00,0.0,0.0
2024-02-13T10:00:00,0.0,0.0
2024-02-13T11:00:00,0.0,0.0
2024-02-13T12:00:00,0.0,0.0
2024-02-13T13:00:00,0.0,0.0
2024-02-13T14:00:00,0.0,0.0
2024-02-13T15:00:00,0.0,0.0
2024-02-13T16:00:00,0.0,0.0
2024-02-13T17:00:00,0.0,0.0
2024-02-13T18:00:00,0.0,0.0
2024-02-13T19:00:00,0.0,0.0
2024-02-13T20:00:00,0.0,0.0
2024-02-13T21:00:00,0.0,0.0
2024-02-13T22:00:00,0.0,0.0
2024-02-13T23:00:00,0.0,0.0
2024-02-14T00:00:00,0.0,0.0
2024-02-14T01:00:00,0.0,0.0
2024-02-14T02:00:00,0.0,0.0
2024-02-14T03:00:00,0.0,0.0
2024-02-14T04:00:00,0.0,0.0
2024-02-14T05:00:00,0.0,0.0
2024-02-14T06:00:00,0.0,0.0
2024-02-14T07:00:00,0.12935941,0.9192118
2024-02-14T08:00:00,0.3442178,1.5097656
2024-02-14T09:00:00,0.62491715,1.9563038
2024-02-14T10:00:00,0.68200326,0.4096727
2024-02-14T11:00:00,0.7018846,0.14342616
2024-02-14T12:00:00,0.8105476,0.7743018
2024-02-14T13:00:00,0.9825736,1.210484
2024-02-14T14:00:00,0.99804384,0.10951134
2024-02-14T15:00:00,0.99952567,0.010501468
2024-02-14T16:00:00,0.7919678,-1.2029105
2024-02-14T17:00:00,0.45174628,-2.0011582
2024-02-14T18:00:00,0.045374174,-2.4078693
2024-02-14T19:00:00,0.0,-0.26443386
2024-02-14T20:00:00,0.0,0.0
2024-02-14T21:00:00,0.0,0.0
2024-02-14T22:00:00,0.0,0.0
2024-02-14T23:00:00,0.0,0.0
2024-02-15T00:00:00,0.0,0.0
2024-02-15T01:00:00,0.0,0.0
2024-02-15T02:00:00,0.0,0.0
2024-02-15T03:00:00,0.0,0.0
2024-02-15T04:00:00,0.0,0.0
2024-02-15T05:00:00,0.0,0.0
2024-02-15T06:00:00,0.0,0.0
2024-02-15T07:00:00,0.059334446,0.42567432
2024-02-15T08:00:00,0.21701972,1.1162779
2024-02-15T09:00:00,0.46084645,1.7070928
2024-02-15T10:00:00,0.5187916,0.41578767
2024-02-15T11:00:00,0.5233532,0.03297983
2024-02-15T12:00:00,0.6745658,1.0713733
2024-02-15T13:00:00,0.9463728,1.8964005
2024-02-15T14:00:00,0.9941661,0.34113327
2024-02-15T15:00:00,0.9991001,0.035254635
2024-02-15T16:00:00,0.79038507,-1.2097746
2024-02-15T17:00:00,0.46289706,-1.9235392
2024-02-15T18:00:00,0.23856638,-1.302576
2024-02-15T19:00:00,0.30261114,0.45916608
2024-02-15T20:00:00,0.303022,0.002972147
2024-02-15T21:00:00,0.262572,-0.23005924
2024-02-15T22:00:00,0.24857406,-0.079376325
2024-02-15T23:00:00,0.022640463,-1.3121201
2024-02-16T00:00:00,0.0,-0.13046579
2024-02-16T01:00:00,0.0,0.0
2024-02-16T02:00:00,0.0,0.0
2024-02-16T03:00:00,0.0,0.0
2024-02-16T04:00:00,0.0,0.0
2024-02-16T05:00:00,0.0,0.0
2024-02-16T06:00:00,0.0,0.0
2024-02-16T07:00:00,0.0,0.0
2024-02-16T08:00:00,0.15015961,1.0640615
2024-02-16T09:00:00,0.30317292,1.0838736
2024-02-16T10:00:00,0.3365515,0.24033585
2024-02-16T11:00:00,0.37541628,0.279622
2024-02-16T12:00:00,0.5511154,1.2408597
2024-02-16T13:00:00,0.8854155,2.3147986
2024-02-16T14:00:00,0.990873,0.7311938
2024-02-16T15:00:00,0.9988153,0.056262236
2024-02-16T16:00:00,0.7893261,-1.214368
2024-02-16T17:00:00,0.66269016,-0.7272662
2024-02-16T18:00:00,0.63910186,-0.1339037
2024-02-16T19:00:00,0.7762172,0.9733146
2024-02-16T20:00:00,0.9180968,1.006494
2024-02-16T21:00:00,0.9901728,0.51617146
2024-02-16T22:00:00,0.9987378,0.060720213
2024-02-16T23:00:00,0.9683604,-0.17257543
2024-02-17T00:00:00,0.97202235,0.026478766
2024-02-17T01:00:00,0.9967086,0.17688179
2024-02-17T02:00:00,0.9993271,0.01888911
2024-02-17T03:00:00,0.999624,0.0021302875
2024-02-17T04:00:00,0.999656,0.00023017613
2024-02-17T05:00:00,0.9996596,2.5325728e-05
2024-02-17T06:00:00,0.99965996,2.4374165e-06
2024-02-17T07:00:00,0.99965996,1.4858597e-07
2024-02-17T08:00:00,0.99965996,1.4858523e-07
2024-02-17T09:00:00,0.99965996,1.4858449e-07
2024-02-17T10:00:00,0.99965996,1.4858374e-07
2024-02-17T11:00:00,0.99965996,1.48583e-07
2024-02-17T12:00:00,0.99965996,1.4858226e-07
2024-02-17T13:00:00,0.99965996,1.485815e-07
2024-02-17T14:00:00,0.99965996,1.4858077e-07
2024-02-17T15:00:00,0.7934105,-1.1951518
2024-02-17T16:00:00,0.47107676,-1.8921816
2024-02-17T17:00:00,0.44667655,-0.13852547
2024-02-17T18:00:00,0.13251115,-1.8425595
2024-02-17T19:00:00,0.0,-0.7654165
2024-02-17T20:00:00,0.0,0.0
2024-02-17T21:00:00,0.0,0.0
2024-02-17T22:00:00,0.0,0.0
2024-02-17T23:00:00,0.0,0.0
2024-02-18T00:00:00,0.0,0.0
2024-02-18T01:00:00,0.0,0.0
2024-02-18T02:00:00,0.0,0.0
2024-02-18T03:00:00,0.0,0.0
2024-02-18T04:00:00,0.0,0.0
2024-02-18T05:00:00,0.0,0.0
2024-02-18T06:00:00,0.0,0.0
2024-02-18T07:00:00,0.0,0.0
2024-02-18T08:00:00,0.14730187,1.0442067
2024-02-18T09:00:00,0.0894224,-0.32983607
2024-02-18T10:00:00,0.0019150226,-0.5095889
2024-02-18T11:00:00,0.0,-0.011014016
2024-02-18T12:00:00,0.0,0.0
2024-02-18T13:00:00,0.0,0.0
2024-02-18T14:00:00,0.0,0.0
2024-02-18T15:00:00,0.00032312426,0.0023375817
2024-02-18T16:00:00,6.7778064e-06,-0.0018294994
2024-02-18T17:00:00,1.0601669e-07,-3.9197508e-05
2024-02-18T18:00:00,0.0,-6.149416e-07
2024-02-18T19:00:00,0.0,0.0
2024-02-18T20:00:00,0.0,0.0
2024-02-18T21:00:00,0.04334226,0.31163993
2024-02-18T22:00:00,0.0012853326,-0.24690504
2024-02-18T23:00:00,0.0,-0.0073641585
2024-02-19T00:00:00,0.0,0.0
2024-02-19T01:00:00,0.0,0.0
2024-02-19T02:00:00,0.0,0.0
2024-02-19T03:00:00,0.0,0.0
2024-02-19T04:00:00,0.0,0.0
2024-02-19T05:00:00,0.0,0.0
2024-02-19T06:00:00,0.0,0.0
2024-02-19T07:00:00,0.0,0.0
2024-02-19T08:00:00,0.0,0.0
2024-02-19T09:00:00,0.01918223,0.13839617
2024-02-19T10:00:00,0.05797943,0.27913833
2024-02-19T11:00:00,0.10680707,0.350811
2024-02-19T12:00:00,0.15403478,0.33939213
2024-02-19T13:00:00,0.0034266394,-0.87795836
2024-02-19T14:00:00,0.0,-0.019714005
2024-02-19T15:00:00,0.0,0.0
2024-02-19T16:00:00,0.0,0.0
2024-02-19T17:00:00,0.0,0.0
2024-02-19T18:00:00,0.0,0.0
2024-02-19T19:00:00,0.0,0.0
2024-02-19T20:00:00,0.0,0.0
2024-02-19T21:00:00,0.0,0.0
2024-02-19T22:00:00,0.0,0.0
2024-02-19T23:00:00,0.0,0.0
2024-02-20T00:00:00,0.0,0.0
2024-02-20T01:00:00,0.0,0.0
2024-02-20T02:00:00,0.0,0.0
2024-02-20T03:00:00,0.0,0.0
2024-02-20T04:00:00,0.0,0.0
2024-02-20T05:00:00,0.0,0.0
2024-02-20T06:00:00,0.0,0.0
2024-02-20T07:00:00,0.0,0.0
2024-02-20T08:00:00,0.0,0.0
2024-02-20T09:00:00,0.0,0.0
2024-02-20T10:00:00,0.0,0.0
2024-02-20T11:00:00,0.0,0.0
2024-02-20T12:00:00,0.0,0.0
2024-02-20T13:00:00,0.0,0.0
2024-02-20T14:00:00,0.0,0.0
2024-02-20T15:00:00,0.0,0.0
2024-02-20T16:00:00,0.0,0.0
2024-02-20T17:00:00,0.0,0.0
2024-02-20T18:00:00,0.0,0.0
2024-02-20T19:00:00,0.0,0.0
2024-02-20T20:00:00,0.0,0.0
2024-02-20T21:00:00,0.0,0.0
2024-02-20T22:00:00,0.0,0.0
2024-02-20T23:00:00,0.0,0.0
2024-02-21T00:00:00,0.0,0.0
2024-02-21T01:00:00,0.0,0.0
2024-02-21T02:00:00,0.0,0.0
2024-02-21T03:00:00,0.0,0.0
2024-02-21T04:00:00,0.0,0.0
2024-02-21T05:00:00,0.0,0.0
2024-02-21T06:00:00,0.0,0.0
2024-02-21T07:00:00,0.0,0.0
2024-02-21T08:00:00,0.03138079,0.22601506
2024-02-21T09:00:00,0.00016908851,-0.17846389
2024-02-21T10:00:00,0.0,-0.0009649439
2024-02-21T11:00:00,0.0,0.0
2024-02-21T12:00:00,0.0,0.0
2024-02-21T13:00:00,0.0,0.0
2024-02-21T14:00:00,0.0,0.0
2024-02-21T15:00:00,0.0,0.0
2024-02-21T16:00:00,0.0,0.0
2024-02-21T17:00:00,0.0,0.0
2024-02-21T18:00:00,0.0,0.0
2024-02-21T19:00:00,0.0,0.0
2024-02-21T20:00:00,0.0,0.0
2024-02-21T21:00:00,0.0,0.0
2024-02-21T22:00:00,0.0,0.0
2024-02-21T23:00:00,0.0,0.0
2024-02-22T00:00:00,0.0,0.0
2024-02-22T01:00:00,0.0,0.0
2024-02-22T02:00:00,0.0,0.0
2024-02-22T03:00:00,0.0,0.0
2024-02-22T04:00:00,0.0,0.0
2024-02-22T05:00:00,0.0,0.0
2024-02-22T06:00:00,0.0,0.0
2024-02-22T07:00:00,0.0,0.0
2024-02-22T08:00:00,0.02413566,0.17401168
2024-02-22T09:00:00,0.1629988,0.9854913
2024-02-22T10:00:00,0.19125192,0.20357864
2024-02-22T11:00:00,0.20796232,0.120604865
2024-02-22T12:00:00,0.28797472,0.5723808
2024-02-22T13:00:00,0.4063191,0.8421863
2024-02-22T14:00:00,0.56998307,1.1576892
2024-02-22T15:00:00,0.53565854,-0.19508606
2024-02-22T16:00:00,0.30578956,-1.3355666
2024-02-22T17:00:00,0.30397493,-0.010275839
2024-02-22T18:00:00,0.20912528,-0.5427723
2024-02-22T19:00:00,0.17896652,-0.1713291
2024-02-22T20:00:00,0.23760971,0.4207556
2024-02-22T21:00:00,0.22228348,-0.08692155
2024-02-22T22:00:00,0.14350629,-0.4499832
2024-02-22T23:00:00,0.09504645,-0.27586386
2024-02-23T00:00:00,0.0015094045,-0.5410642
2024-02-23T01:00:00,0.0,-0.008673396
2024-02-23T02:00:00,0.0,0.0
2024-02-23T03:00:00,0.0,0.0
2024-02-23T04:00:00,0.0,0.0
2024-02-23T05:00:00,0.0,0.0
2024-02-23T06:00:00,0.0,0.0
2024-02-23T07:00:00,0.0433618,0.3117796
2024-02-23T08:00:00,0.16693042,0.87874585
2024-02-23T09:00:00,0.3267722,1.1312222
2024-02-23T10:00:00,0.31993267,-0.03875286
2024-02-23T11:00:00,0.36196926,0.30230737
2024-02-23T12:00:00,0.6776222,2.190579
2024-02-23T13:00:00,0.97480386,2.0609236
2024-02-23T14:00:00,0.9974629,0.1589505
2024-02-23T15:00:00,0.9994354,0.013931693
2024-02-23T16:00:00,0.99962044,0.0013076453
2024-02-23T17:00:00,0.9996379,0.00012355679
2024-02-23T18:00:00,0.9996396,1.1785547e-05
2024-02-23T19:00:00,0.99963975,1.1043358e-06
2024-02-23T20:00:00,0.99963975,-4.0078927e-08
2024-02-23T21:00:00,0.99963975,-4.0079126e-08
2024-02-23T22:00:00,0.99963975,-4.007933e-08
2024-02-23T23:00:00,0.99963975,-4.0079527e-08
2024-02-24T00:00:00,0.99963975,-4.007973e-08
2024-02-24T01:00:00,0.99963975,-4.007993e-08
2024-02-24T02:00:00,0.8979187,-0.582544
2024-02-24T03:00:00,0.76346093,-0.7728677
2024-02-24T04:00:00,0.74313647,-0.115333505
2024-02-24T05:00:00,0.79517883,0.37373954
2024-02-24T06:00:00,0.8323294,0.26735306
2024-02-24T07:00:00,0.951215,0.84597623
2024-02-24T08:00:00,0.9952898,0.30990338
2024-02-24T09:00:00,0.97323626,-0.12516996
2024-02-24T10:00:00,0.99703723,0.16896531
2024-02-24T11:00:00,0.9993932,0.016638257
2024-02-24T12:00:00,0.99961394,0.0015598198
2024-02-24T13:00:00,0.99963474,0.00014722958
2024-02-24T14:00:00,0.9996367,1.4095915e-05
2024-02-24T15:00:00,0.99963695,1.507343e-06
2024-02-24T16:00:00,0.79238176,-1.2011156
2024-02-24T17:00:00,0.79359126,0.008748573
2024-02-24T18:00:00,0.7883822,-0.029509466
2024-02-24T19:00:00,0.9152039,0.90148616
2024-02-24T20:00:00,0.93042535,0.1098818
2024-02-24T21:00:00,0.99336994,0.44294298
2024-02-24T22:00:00,0.7691031,-1.302196
2024-02-24T23:00:00,0.9341955,1.167574
2024-02-25T00:00:00,0.99374676,0.4187993
2024-02-25T01:00:00,0.9990861,0.03766928
2024-02-25T02:00:00,0.999581,0.0034974148
2024-02-25T03:00:00,0.99962765,0.00033005417
2024-02-25T04:00:00,0.99963206,3.1361717e-05
2024-02-25T05:00:00,0.9996325,3.1328007e-06
2024-02-25T06:00:00,0.99963254,4.6249687e-07
2024-02-25T07:00:00,0.99963254,8.1024815e-08
2024-02-25T08:00:00,0.99963254,8.102441e-08
2024-02-25T09:00:00,0.95782167,-0.23783565
2024-02-25T10:00:00,0.97453713,0.12064123
2024-02-25T11:00:00,0.9377437,-0.20917611
2024-02-25T12:00:00,0.9945464,0.39608565
2024-02-25T13:00:00,0.9991525,0.032546453
2024-02-25T14:00:00,0.9995852,0.003067455
2024-02-25T15:00:00,0.93107456,-0.39088744
2024-02-25T16:00:00,0.62316966,-1.8045869
2024-02-25T17:00:00,0.5191162,-0.59605813
2024-02-25T18:00:00,0.42474228,-0.5400211
2024-02-25T19:00:00,0.24853347,-1.0176272
2024-02-25T20:00:00,0.0031349012,-1.435311
2024-02-25T21:00:00,0.0,-0.0180077
2024-02-25T22:00:00,0.0,0.0
2024-02-25T23:00:00,0.0,0.0
2024-02-26T00:00:00,0.0,0.0
2024-02-26T01:00:00,0.0,0.0
2024-02-26T02:00:00,0.0,0.0
2024-02-26T03:00:00,0.0,0.0
2024-02-26T04:00:00,0.0,0.0
2024-02-26T05:00:00,0.0,0.0
2024-02-26T06:00:00,0.0,0.0
2024-02-26T07:00:00,0.0,0.0
2024-02-26T08:00:00,0.0,0.0
2024-02-26T09:00:00,0.18099886,1.277404
2024-02-26T10:00:00,0.19458121,0.098072395
2024-02-26T11:00:00,0.15642361,-0.21696514
2024-02-26T12:00:00,0.18880613,0.23319678
2024-02-26T13:00:00,0.34662277,1.1171885
2024-02-26T14:00:00,0.3579859,0.082074404
2024-02-26T15:00:00,0.24775824,-0.63186574
2024-02-26T16:00:00,0.005922103,-1.4202416
2024-02-26T17:00:00,0.0,-0.034530077
2024-02-26T18:00:00,0.0,0.0
2024-02-26T19:00:00,0.0,0.0
2024-02-26T20:00:00,0.0036518367,0.026405886
2024-02-26T21:00:00,8.8073204e-05,-0.020686256
2024-02-26T22:00:00,8.958707e-07,-0.00051123055
2024-02-26T23:00:00,0.0,-5.1479683e-06
2024-02-27T00:00:00,0.0,0.0
2024-02-27T01:00:00,0.0,0.0
2024-02-27T02:00:00,0.0,0.0
2024-02-27T03:00:00,0.0,0.0
2024-02-27T04:00:00,0.0,0.0
2024-02-27T05:00:00,0.0,0.0
2024-02-27T06:00:00,0.0,0.0
2024-02-27T07:00:00,0.0,0.0
2024-02-27T08:00:00,0.0,0.0
2024-02-27T09:00:00,0.0,0.0
2024-02-27T10:00:00,0.0,0.0
2024-02-27T11:00:00,0.0,0.0
2024-02-27T12:00:00,0.0,0.0
2024-02-27T13:00:00,0.0,0.0
2024-02-27T14:00:00,0.0,0.0
2024-02-27T15:00:00,0.0,0.0
2024-02-27T16:00:00,0.0,0.0
2024-02-27T17:00:00,0.0,0.0
2024-02-27T18:00:00,0.0,0.0
2024-02-27T19:00:00,0.0,0.0
2024-02-27T20:00:00,0.0,0.0
2024-02-27T21:00:00,0.0,0.0
2024-02-27T22:00:00,0.0,0.0
2024-02-27T23:00:00,0.0,0.0
2024-02-28T00:00:00,0.0,0.0
2024-02-28T01:00:00,0.0,0.0
2024-02-28T02:00:00,0.0,0.0
2024-02-28T03:00:00,0.0,0.0
2024-02-28T04:00:00,0.006917364,0.049994998
2024-02-28T05:00:00,0.00018875342,-0.03920258
2024-02-28T06:00:00,2.1522696e-06,-0.0010997249
2024-02-28T07:00:00,0.0,-1.24173675e-05
2024-02-28T08:00:00,0.08394621,0.60019726
2024-02-28T09:00:00,0.30938205,1.581977
2024-02-28T10:00:00,0.3722775,0.45099807
2024-02-28T11:00:00,0.33987415,-0.18412697
2024-02-28T12:00:00,0.15342447,-1.078012
2024-02-28T13:00:00,0.035594095,-0.67602575
2024-02-28T14:00:00,0.00035304137,-0.20421325
2024-02-28T15:00:00,0.056323104,0.40172595
2024-02-28T16:00:00,0.0,-0.3210177
2024-02-28T17:00:00,0.0,0.0
2024-02-28T18:00:00,0.0,0.0
2024-02-28T19:00:00,0.0,0.0
2024-02-28T20:00:00,0.0,0.0
2024-02-28T21:00:00,0.0,0.0
2024-02-28T22:00:00,0.0,0.0
2024-02-28T23:00:00,0.0,0.0
2024-02-29T00:00:00,0.0,0.0
2024-02-29T01:00:00,0.0,0.0
2024-02-29T02:00:00,0.0,0.0
2024-02-29T03:00:00,0.0,0.0
2024-02-29T04:00:00,0.0,0.0
2024-02-29T05:00:00,0.0,0.0
2024-02-29T06:00:00,0.0,0.0
2024-02-29T07:00:00,0.139271,0.9883321
2024-02-29T08:00:00,0.39019027,1.7551976
2024-02-29T09:00:00,0.7160377,2.258555
2024-02-29T10:00:00,0.800346,0.6027562
2024-02-29T11:00:00,0.7778854,-0.12748623
2024-02-29T12:00:00,0.65757793,-0.69043005
2024-02-29T13:00:00,0.75771487,0.7143742
2024-02-29T14:00:00,0.7745142,0.12124509
2024-02-29T15:00:00,0.698217,-0.43569568
2024-02-29T16:00:00,0.6305102,-0.38626578
2024-02-29T17:00:00,0.25611308,-2.2105484
2024-02-29T18:00:00,0.0007620285,-1.5121653
2024-02-29T19:00:00,0.0,-0.004430247
2024-02-29T20:00:00,0.0,0.0
2024-02-29T21:00:00,0.0,0.0
2024-02-29T22:00:00,0.0,0.0
2024-02-29T23:00:00,0.0,0.0
2024-03-01T00:00:00,0.0,0.0
2024-03-01T01:00:00,0.0,0.0
2024-03-01T02:00:00,0.0,0.0
2024-03-01T03:00:00,0.0,0.0
2024-03-01T04:00:00,0.0,0.0
2024-03-01T05:00:00,0.0,0.0
2024-03-01T06:00:00,0.0,0.0
2024-03-01T07:00:00,0.0,0.0
2024-03-01T08:00:00,0.23334007,1.6358182
2024-03-01T09:00:00,0.528598,2.0541112
2024-03-01T10:00:00,0.5709697,0.30470282
2024-03-01T11:00:00,0.6941045,0.8757118
2024-03-01T12:00:00,0.73446155,0.29029763
2024-03-01T13:00:00,0.9000828,1.1712327
2024-03-01T14:00:00,0.9809301,0.57828677
2024-03-01T15:00:00,0.7230813,-1.5028377
2024-03-01T16:00:00,0.32159477,-2.3776312
2024-03-01T17:00:00,0.0,-1.9017322
2024-03-01T18:00:00,0.0,0.0
2024-03-01T19:00:00,0.0,0.0
2024-03-01T20:00:00,0.0,0.0
2024-03-01T21:00:00,0.0,0.0
2024-03-01T22:00:00,0.0,0.0
2024-03-01T23:00:00,0.0,0.0
2024-03-02T00:00:00,0.0,0.0
2024-03-02T01:00:00,0.0,0.0
2024-03-02T02:00:00,0.0,0.0
2024-03-02T03:00:00,0.0,0.0
2024-03-02T04:00:00,0.0,0.0
2024-03-02T05:00:00,0.0,0.0
2024-03-02T06:00:00,0.0,0.0
2024-03-02T07:00:00,0.0,0.0
2024-03-02T08:00:00,0.0,0.0
2024-03-02T09:00:00,0.0,0.0
2024-03-02T10:00:00,0.0,0.0
2024-03-02T11:00:00,0.0,0.0
2024-03-02T12:00:00,0.31088322,2.1587207
2024-03-02T13:00:00,0.5637183,1.7681779
2024-03-02T14:00:00,0.7427928,1.2641401
2024-03-02T15:00:00,0.51346207,-1.3323587
2024-03-02T16:00:00,0.13950399,-2.2078485
2024-03-02T17:00:00,0.0,-0.8203707
2024-03-02T18:00:00,0.0,0.0
2024-03-02T19:00:00,0.0,0.0
2024-03-02T20:00:00,0.0,0.0
2024-03-02T21:00:00,0.0,0.0
2024-03-02T22:00:00,0.0,0.0
2024-03-02T23:00:00,0.0,0.0
2024-03-03T00:00:00,0.0,0.0
2024-03-03T01:00:00,0.0,0.0
2024-03-03T02:00:00,0.0,0.0
2024-03-03T03:00:00,0.0,0.0
2024-03-03T04:00:00,0.0,0.0
2024-03-03T05:00:00,0.0,0.0
2024-03-03T06:00:00,0.0,0.0
2024-03-03T07:00:00,0.0,0.0
2024-03-03T08:00:00,0.20599082,1.4490845
2024-03-03T09:00:00,0.20738538,0.010087137
2024-03-03T10:00:00,0.18680684,-0.11677865
2024-03-03T11:00:00,0.2344547,0.34239125
2024-03-03T12:00:00,0.4716249,1.6618712
2024-03-03T13:00:00,0.5472155,0.5410782
2024-03-03T14:00:00,0.6318631,0.60515374
2024-03-03T15:00:00,0.6587418,0.1937125
2024-03-03T16:00:00,0.42362505,-1.366864
2024-03-03T17:00:00,0.45811087,0.24826953
2024-03-03T18:00:00,0.4600371,0.013931855
2024-03-03T19:00:00,0.41454476,-0.25888455
2024-03-03T20:00:00,0.3305094,-0.48030272
2024-03-03T21:00:00,0.09066167,-1.395111
2024-03-03T22:00:00,0.0,-0.52290297
2024-03-03T23:00:00,0.0,0.0
2024-03-04T00:00:00,0.0,0.0
2024-03-04T01:00:00,0.0,0.0
2024-03-04T02:00:00,0.0,0.0
2024-03-04T03:00:00,0.0,0.0
2024-03-04T04:00:00,0.0,0.0
2024-03-04T05:00:00,0.0,0.0
2024-03-04T06:00:00,0.0,0.0
2024-03-04T07:00:00,0.036332954,0.26149932
2024-03-04T08:00:00,0.08473529,0.34777606
2024-03-04T09:00:00,0.32660648,1.6938151
2024-03-04T10:00:00,0.31079683,-0.08966822
2024-03-04T11:00:00,0.30715096,-0.020650094
2024-03-04T12:00:00,0.5742566,1.8646793
2024-03-04T13:00:00,0.8369662,1.8349868
2024-03-04T14:00:00,0.98427045,1.0407298
2024-03-04T15:00:00,0.99811697,0.097977474
2024-03-04T16:00:00,0.95472175,-0.24689204
2024-03-04T17:00:00,0.84122676,-0.6508345
2024-03-04T18:00:00,0.6398037,-1.1665498
2024-03-04T19:00:00,0.6091908,-0.1739178
2024-03-04T20:00:00,0.54209316,-0.38276467
2024-03-04T21:00:00,0.56343544,0.15393324
2024-03-04T22:00:00,0.38928795,-1.0054895
2024-03-04T23:00:00,0.2324392,-0.9038479
2024-03-05T00:00:00,0.0031688623,-1.3394413
2024-03-05T01:00:00,0.0,-0.018111527
2024-03-05T02:00:00,0.0,0.0
2024-03-05T03:00:00,0.0,0.0
2024-03-05T04:00:00,0.0,0.0
2024-03-05T05:00:00,0.0,0.0
2024-03-05T06:00:00,0.0,0.0
2024-03-05T07:00:00,0.006863851,0.049608614
2024-03-05T08:00:00,0.18315119,1.2449181
2024-03-05T09:00:00,0.4405892,1.7993397
2024-03-05T10:00:00,0.38313672,-0.327387
2024-03-05T11:00:00,0.44093713,0.41475746
2024-03-05T12:00:00,0.62123144,1.2725484
2024-03-05T13:00:00,0.8765018,1.784669
2024-03-05T14:00:00,0.98805064,0.7876317
2024-03-05T15:00:00,0.9984198,0.07371515
2024-03-05T16:00:00,0.78785574,-1.2207466
2024-03-05T17:00:00,0.6262029,-0.9320358
2024-03-05T18:00:00,0.4719424,-0.88867396
2024-03-05T19:00:00,0.43979016,-0.18269493
2024-03-05T20:00:00,0.36838287,-0.40754718
2024-03-05T21:00:00,0.36481053,-0.020233396
2024-03-05T22:00:00,0.31612453,-0.27715838
2024-03-05T23:00:00,0.2684536,-0.27134874
2024-03-06T00:00:00,0.13589446,-0.76179135
2024-03-06T01:00:00,0.04839522,-0.50029564
2024-03-06T02:00:00,0.0041522835,-0.25173905
2024-03-06T03:00:00,0.00010306615,-0.023626186
2024-03-06T04:00:00,0.0,-0.0005998992
2024-03-06T05:00:00,0.0,0.0
2024-03-06T06:00:00,0.0,0.0
2024-03-06T07:00:00,0.0,0.0
2024-03-06T08:00:00,0.0,0.0
2024-03-06T09:00:00,0.1099609,0.78341275
2024-03-06T10:00:00,0.08868588,-0.12074056
2024-03-06T11:00:00,0.07316124,-0.0880488
2024-03-06T12:00:00,0.33138365,1.8046465
2024-03-06T13:00:00,0.627502,2.0598814
2024-03-06T14:00:00,0.93784916,2.1551378
2024-03-06T15:00:00,0.99310935,0.39494044
2024-03-06T16:00:00,0.7681365,-1.306399
2024-03-06T17:00:00,0.4954135,-1.5921581
2024-03-06T18:00:00,0.13449731,-2.1277661
2024-03-06T19:00:00,0.05971865,-0.4269509
2024-03-06T20:00:00,0.001331366,-0.34096533
2024-03-06T21:00:00,0.0,-0.007742999
2024-03-06T22:00:00,0.0,0.0
2024-03-06T23:00:00,0.0,0.0
2024-03-07T00:00:00,0.0,0.0
2024-03-07T01:00:00,0.0,0.0
2024-03-07T02:00:00,0.0,0.0
2024-03-07T03:00:00,0.0,0.0
2024-03-07T04:00:00,0.0,0.0
2024-03-07T05:00:00,0.0,0.0
2024-03-07T06:00:00,0.0,0.0
2024-03-07T07:00:00,0.0,0.0
2024-03-07T08:00:00,0.18317527,1.2923973
2024-03-07T09:00:00,0.4826298,2.082244
2024-03-07T10:00:00,0.52251256,0.2869046
2024-03-07T11:00:00,0.5165559,-0.03374722
2024-03-07T12:00:00,0.76866674,1.7632717
2024-03-07T13:00:00,0.9790757,1.4776497
2024-03-07T14:00:00,0.9976916,0.13102512
2024-03-07T15:00:00,0.8830881,-0.657273
2024-03-07T16:00:00,0.6467165,-1.3743539
2024-03-07T17:00:00,0.30890155,-1.986472
2024-03-07T18:00:00,0.21610716,-0.53088826
2024-03-07T19:00:00,0.21991743,0.027550908
2024-03-07T20:00:00,0.1310549,-0.5081686
2024-03-07T21:00:00,0.0030593984,-0.7494495
2024-03-07T22:00:00,1.7828064e-05,-0.017913634
2024-03-07T23:00:00,1.3749754e-08,-0.00010500018
2024-03-08T00:00:00,0.0,-7.972116e-08
2024-03-08T01:00:00,0.0,0.0
2024-03-08T02:00:00,0.0,0.0
2024-03-08T03:00:00,0.0,0.0
2024-03-08T04:00:00,0.0,0.0
2024-03-08T05:00:00,0.0,0.0
2024-03-08T06:00:00,0.0,0.0
2024-03-08T07:00:00,0.0,0.0
2024-03-08T08:00:00,0.24892217,1.7416607
2024-03-08T09:00:00,0.5529436,2.112828
2024-03-08T10:00:00,0.5387766,-0.080336526
2024-03-08T11:00:00,0.6733703,0.95573646
2024-03-08T12:00:00,0.7518964,0.56186295
2024-03-08T13:00:00,0.97940147,1.5849154
2024-03-08T14:00:00,0.9975462,0.12887487
2024-03-08T15:00:00,0.99932265,0.012747973
2024-03-08T16:00:00,0.7912128,-1.2061849
2024-03-08T17:00:00,0.3809199,-2.4321592
2024-03-08T18:00:00,0.08036904,-1.7600482
2024-03-08T19:00:00,0.0,-0.45936218
2024-03-08T20:00:00,0.0,0.0
2024-03-08T21:00:00,0.0,0.0
2024-03-08T22:00:00,0.0,0.0
2024-03-08T23:00:00,0.0,0.0
2024-03-09T00:00:00,0.0,0.0
2024-03-09T01:00:00,0.0,0.0
2024-03-09T02:00:00,0.0,0.0
2024-03-09T03:00:00,0.0,0.0
2024-03-09T04:00:00,0.0,0.0
2024-03-09T05:00:00,0.0,0.0
2024-03-09T06:00:00,0.0,0.0
2024-03-09T07:00:00,0.0,0.0
2024-03-09T08:00:00,0.0,0.0
2024-03-09T09:00:00,0.08634711,0.6171597
2024-03-09T10:00:00,0.0003916297,-0.4948322
2024-03-09T11:00:00,4.2789193e-06,-0.0022545506
2024-03-09T12:00:00,0.15574491,1.1027949
2024-03-09T13:00:00,0.0029479356,-0.9009092
2024-03-09T14:00:00,0.0,-0.017357435
2024-03-09T15:00:00,0.0,0.0
2024-03-09T16:00:00,0.0,0.0
2024-03-09T17:00:00,0.0,0.0
2024-03-09T18:00:00,0.0,0.0
2024-03-09T19:00:00,0.0,0.0
2024-03-09T20:00:00,0.0,0.0
2024-03-09T21:00:00,0.0,0.0
2024-03-09T22:00:00,0.0,0.0
2024-03-09T23:00:00,0.0,0.0
2024-03-10T00:00:00,0.0,0.0
2024-03-10T01:00:00,0.0,0.0
2024-03-10T02:00:00,0.0,0.0
2024-03-10T03:00:00,0.0,0.0
2024-03-10T04:00:00,0.0,0.0
2024-03-10T05:00:00,0.0,0.0
2024-03-10T06:00:00,0.0,0.0
2024-03-10T07:00:00,0.059416063,0.42625502
2024-03-10T08:00:00,0.28226304,1.5643201
2024-03-10T09:00:00,0.27264243,-0.054527555
2024-03-10T10:00:00,0.28268936,0.072581306
2024-03-10T11:00:00,0.34907275,0.4757783
2024-03-10T12:00:00,0.7025733,2.4421608
2024-03-10T13:00:00,0.7752976,0.5207672
2024-03-10T14:00:00,0.85118884,0.5432077
2024-03-10T15:00:00,0.62362725,-1.321817
2024-03-10T16:00:00,0.31366765,-1.8170439
2024-03-10T17:00:00,0.26607046,-0.2709269
2024-03-10T18:00:00,0.28306848,0.1226756
2024-03-10T19:00:00,0.24874273,-0.19509295
2024-03-10T20:00:00,0.0087390505,-1.4137478
2024-03-10T21:00:00,0.0,-0.050742995
2024-03-10T22:00:00,0.0,0.0
2024-03-10T23:00:00,0.0,0.0
2024-03-11T00:00:00,0.0,0.0
2024-03-11T01:00:00,0.0,0.0
2024-03-11T02:00:00,0.0,0.0
2024-03-11T03:00:00,0.0,0.0
2024-03-11T04:00:00,0.0,0.0
2024-03-11T05:00:00,0.0,0.0
2024-03-11T06:00:00,0.0,0.0
2024-03-11T07:00:00,0.0,0.0
2024-03-11T08:00:00,0.1845737,1.3020266
2024-03-11T09:00:00,0.3312136,1.0396055
2024-03-11T10:00:00,0.26582858,-0.3729229
2024-03-11T11:00:00,0.28281507,0.122592665
2024-03-11T12:00:00,0.46258923,1.2689636
2024-03-11T13:00:00,0.5535384,0.6496429
2024-03-11T14:00:00,0.5005176,-0.30198285
2024-03-11T15:00:00,0.42157516,-0.45093563
2024-03-11T16:00:00,0.21798898,-1.179365
2024-03-11T17:00:00,0.0013796245,-1.2627999
2024-03-11T18:00:00,0.0,-0.007880371
2024-03-11T19:00:00,0.0,0.0
2024-03-11T20:00:00,0.0,0.0
2024-03-11T21:00:00,0.0,0.0
2024-03-11T22:00:00,0.0,0.0
2024-03-11T23:00:00,0.0,0.0
2024-03-12T00:00:00,0.0,0.0
2024-03-12T01:00:00,0.0,0.0
2024-03-12T02:00:00,0.0,0.0
2024-03-12T03:00:00,0.0,0.0
2024-03-12T04:00:00,0.0,0.0
2024-03-12T05:00:00,0.0,0.0
2024-03-12T06:00:00,0.0,0.0
2024-03-12T07:00:00,0.0,0.0
2024-03-12T08:00:00,0.16956542,1.1985037
2024-03-12T09:00:00,0.40232795,1.6318877
2024-03-12T10:00:00,0.40151417,-0.004607839
2024-03-12T11:00:00,0.34384987,-0.32860202
2024-03-12T12:00:00,0.53924483,1.3764272
2024-03-12T13:00:00,0.84385353,2.1167586
2024-03-12T14:00:00,0.9848379,0.99620634
2024-03-12T15:00:00,0.73751396,-1.439809
2024-03-12T16:00:00,0.5981061,-0.8017677
2024-03-12T17:00:00,0.25140464,-2.0407405
2024-03-12T18:00:00,0.0,-1.4667459
2024-03-12T19:00:00,0.0,0.0
2024-03-12T20:00:00,0.0,0.0
2024-03-12T21:00:00,0.0,0.0
2024-03-12T22:00:00,0.0,0.0
2024-03-12T23:00:00,0.0,0.0
2024-03-13T00:00:00,0.0,0.0
2024-03-13T01:00:00,0.0,0.0
2024-03-13T02:00:00,0.0,0.0
2024-03-13T03:00:00,0.0,0.0
2024-03-13T04:00:00,0.0,0.0
2024-03-13T05:00:00,0.0,0.0
2024-03-13T06:00:00,0.0,0.0
2024-03-13T07:00:00,0.0,0.0
2024-03-13T08:00:00,0.0,0.0
2024-03-13T09:00:00,0.0,0.0
2024-03-13T10:00:00,0.0,0.0
2024-03-13T11:00:00,0.0,0.0
2024-03-13T12:00:00,0.0,0.0
2024-03-13T13:00:00,0.0,0.0
2024-03-13T14:00:00,0.121899545,0.86707103
2024-03-13T15:00:00,0.2021446,0.57402664
2024-03-13T16:00:00,0.084612906,-0.6742894
2024-03-13T17:00:00,0.0024371298,-0.48543152
2024-03-13T18:00:00,0.0,-0.014370659
2024-03-13T19:00:00,0.0,0.0
2024-03-13T20:00:00,0.0,0.0
2024-03-13T21:00:00,0.0,0.0
2024-03-13T22:00:00,0.0,0.0
2024-03-13T23:00:00,0.0,0.0
2024-03-14T00:00:00,0.0,0.0
2024-03-14T01:00:00,0.0,0.0
2024-03-14T02:00:00,0.0,0.0
2024-03-14T03:00:00,0.0,0.0
2024-03-14T04:00:00,0.0,0.0
2024-03-14T05:00:00,0.0,0.0
2024-03-14T06:00:00,0.0,0.0
2024-03-14T07:00:00,0.0,0.0
2024-03-14T08:00:00,0.14451751,1.0248477
2024-03-14T09:00:00,0.47131515,2.264883
2024-03-14T10:00:00,0.4901758,0.13608246
2024-03-14T11:00:00,0.4794155,-0.060994897
2024-03-14T12:00:00,0.70785034,1.6024171
2024-03-14T13:00:00,0.9765169,1.8665545
2024-03-14T14:00:00,0.997473,0.14707918
2024-03-14T15:00:00,0.9992859,0.012959412
2024-03-14T16:00:00,0.791076,-1.206778
2024-03-14T17:00:00,0.40702695,-2.269967
2024-03-14T18:00:00,0.07907928,-1.9263374
2024-03-14T19:00:00,0.0,-0.45630056
2024-03-14T20:00:00,0.0,0.0
2024-03-14T21:00:00,0.0,0.0
2024-03-14T22:00:00,0.0,0.0
2024-03-14T23:00:00,0.0,0.0
2024-03-15T00:00:00,0.0,0.0
2024-03-15T01:00:00,0.0,0.0
2024-03-15T02:00:00,0.0,0.0
2024-03-15T03:00:00,0.0,0.0
2024-03-15T04:00:00,0.0,0.0
2024-03-15T05:00:00,0.0,0.0
2024-03-15T06:00:00,0.0,0.0
2024-03-15T07:00:00,0.0,0.0
2024-03-15T08:00:00,0.23758467,1.6646888
2024-03-15T09:00:00,0.48910818,1.7592924
2024-03-15T10:00:00,0.5206986,0.2275183
2024-03-15T11:00:00,0.53229934,0.083787695
2024-03-15T12:00:00,0.72102267,1.3305808
2024-03-15T13:00:00,0.9766076,1.7821869
2024-03-15T14:00:00,0.9974713,0.14643422
2024-03-15T15:00:00,0.9992985,0.012906108
2024-03-15T16:00:00,0.791123,-1.2065742
2024-03-15T17:00:00,0.43440092,-2.1020608
2024-03-15T18:00:00,0.27573457,-0.914509
2024-03-15T19:00:00,0.24342373,-0.18359937
2024-03-15T20:00:00,0.18670957,-0.323153
2024-03-15T21:00:00,0.02269981,-0.945876
2024-03-15T22:00:00,0.0,-0.13055158
2024-03-15T23:00:00,0.0,0.0
2024-03-16T00:00:00,0.0,0.0
2024-03-16T01:00:00,0.0,0.0
2024-03-16T02:00:00,0.0,0.0
2024-03-16T03:00:00,0.0,0.0
2024-03-16T04:00:00,0.0,0.0
2024-03-16T05:00:00,0.0,0.0
2024-03-16T06:00:00,0.0,0.0
2024-03-16T07:00:00,0.0,0.0
2024-03-16T08:00:00,0.0,0.0
2024-03-16T09:00:00,0.0,0.0
2024-03-16T10:00:00,0.0,0.0
2024-03-16T11:00:00,0.0,0.0
2024-03-16T12:00:00,0.28695944,1.9984008
2024-03-16T13:00:00,0.46666867,1.2685157
2024-03-16T14:00:00,0.4833294,0.120247155
2024-03-16T15:00:00,0.48315468,-0.000989139
2024-03-16T16:00:00,0.08486232,-2.357879
2024-03-16T17:00:00,0.0,-0.49861723
2024-03-16T18:00:00,0.0,0.0
2024-03-16T19:00:00,0.0,0.0
2024-03-16T20:00:00,0.0,0.0
2024-03-16T21:00:00,0.0,0.0
2024-03-16T22:00:00,0.0,0.0
2024-03-16T23:00:00,0.0,0.0
2024-03-17T00:00:00,0.0,0.0
2024-03-17T01:00:00,0.0,0.0
2024-03-17T02:00:00,0.0,0.0
2024-03-17T03:00:00,0.0,0.0
2024-03-17T04:00:00,0.0,0.0
2024-03-17T05:00:00,0.0,0.0
2024-03-17T06:00:00,0.0,0.0
2024-03-17T07:00:00,0.0,0.0
2024-03-17T08:00:00,0.0,0.0
2024-03-17T09:00:00,0.0,0.0
2024-03-17T10:00:00,0.0,0.0
2024-03-17T11:00:00,0.0,0.0
2024-03-17T12:00:00,0.0,0.0
2024-03-17T13:00:00,0.0,0.0
2024-03-17T14:00:00,0.0,0.0
2024-03-17T15:00:00,0.044074796,0.3168744
2024-03-17T16:00:00,0.0007784563,-0.25110388
2024-03-17T17:00:00,0.038522635,0.2716023
2024-03-17T18:00:00,0.00085523847,-0.21927668
2024-03-17T19:00:00,0.0,-0.0049129482
2024-03-17T20:00:00,0.0,0.0
2024-03-17T21:00:00,0.0,0.0
2024-03-17T22:00:00,0.0,0.0
2024-03-17T23:00:00,0.0,0.0
2024-03-18T00:00:00,0.0,0.0
2024-03-18T01:00:00,0.0,0.0
2024-03-18T02:00:00,0.0,0.0
2024-03-18T03:00:00,0.0,0.0
2024-03-18T04:00:00,0.0,0.0
2024-03-18T05:00:00,0.0,0.0
2024-03-18T06:00:00,0.0,0.0
2024-03-18T07:00:00,0.0,0.0
2024-03-18T08:00:00,0.0,0.0
2024-03-18T09:00:00,0.0,0.0
2024-03-18T10:00:00,0.0,0.0
2024-03-18T11:00:00,0.0,0.0
2024-03-18T12:00:00,0.0,0.0
2024-03-18T13:00:00,0.0,0.0
2024-03-18T14:00:00,0.0,0.0
2024-03-18T15:00:00,0.0,0.0
2024-03-18T16:00:00,0.0,0.0
2024-03-18T17:00:00,0.0,0.0
2024-03-18T18:00:00,0.0,0.0
2024-03-18T19:00:00,0.0,0.0
2024-03-18T20:00:00,0.0,0.0
2024-03-18T21:00:00,0.020930981,0.15097553
2024-03-18T22:00:00,0.0004955775,-0.118859135
2024-03-18T23:00:00,0.028178234,0.19948421
2024-03-19T00:00:00,0.00046897295,-0.16016696
2024-03-19T01:00:00,0.0,-0.0026749708
2024-03-19T02:00:00,0.0,0.0
2024-03-19T03:00:00,0.0,0.0
2024-03-19T04:00:00,0.0,0.0
2024-03-19T05:00:00,0.0,0.0
2024-03-19T06:00:00,0.0,0.0
2024-03-19T07:00:00,0.0,0.0
2024-03-19T08:00:00,0.17221248,1.2167909
2024-03-19T09:00:00,0.4800404,2.1382952
2024-03-19T10:00:00,0.46954226,-0.05950695
2024-03-19T11:00:00,0.42507535,-0.25301984
2024-03-19T12:00:00,0.60317326,1.2574065
2024-03-19T13:00:00,0.9118426,2.1439216
2024-03-19T14:00:00,0.99147785,0.5608255
2024-03-19T15:00:00,0.998734,0.05115703
2024-03-19T16:00:00,0.99938816,0.004717413
2024-03-19T17:00:00,0.7914564,-1.2051283
2024-03-19T18:00:00,0.7155967,-0.43317586
2024-03-19T19:00:00,0.6488505,-0.38074476
2024-03-19T20:00:00,0.6452401,-0.020448929
2024-03-19T21:00:00,0.5191045,-0.7243527
2024-03-19T22:00:00,0.4932045,-0.14706483
2024-03-19T23:00:00,0.2726711,-1.2799797
2024-03-20T00:00:00,0.16769929,-0.60138106
2024-03-20T01:00:00,0.056207053,-0.63920563
2024-03-20T02:00:00,0.0007719841,-0.32224545
2024-03-20T03:00:00,0.0,-0.0044066934
2024-03-20T04:00:00,0.0,0.0
2024-03-20T05:00:00,0.0,0.0
2024-03-20T06:00:00,0.0,0.0
2024-03-20T07:00:00,0.0,0.0
2024-03-20T08:00:00,0.14237691,1.0099552
2024-03-20T09:00:00,0.3976163,1.7844592
2024-03-20T10:00:00,0.42512912,0.1982652
2024-03-20T11:00:00,0.49644506,0.51078165
2024-03-20T12:00:00,0.707551,1.4841036
2024-03-20T13:00:00,0.95859134,1.7560183
2024-03-20T14:00:00,0.99536717,0.26156783
2024-03-20T15:00:00,0.99907917,0.026201237
2024-03-20T16:00:00,0.83935577,-0.9207112
2024-03-20T17:00:00,0.48161942,-2.1082752
2024-03-20T18:00:00,0.12000146,-2.1320696
2024-03-20T19:00:00,0.0,-0.6895116
2024-03-20T20:00:00,0.0,0.0
2024-03-20T21:00:00,0.0,0.0
2024-03-20T22:00:00,0.0,0.0
2024-03-20T23:00:00,0.0,0.0
2024-03-21T00:00:00,0.0,0.0
2024-03-21T01:00:00,0.0,0.0
2024-03-21T02:00:00,0.0,0.0
2024-03-21T03:00:00,0.0,0.0
2024-03-21T04:00:00,0.0,0.0
2024-03-21T05:00:00,0.0,0.0
2024-03-21T06:00:00,0.0,0.0
2024-03-21T07:00:00,0.0,0.0
2024-03-21T08:00:00,0.23076837,1.6183116
2024-03-21T09:00:00,0.5719176,2.3602934
2024-03-21T10:00:00,0.46804535,-0.59500796
2024-03-21T11:00:00,0.4721338,0.029561033
2024-03-21T12:00:00,0.72335,1.7572099
2024-03-21T13:00:00,0.9762451,1.76705
2024-03-21T14:00:00,0.99740714,0.1485124
2024-03-21T15:00:00,0.9992411,0.013074635
2024-03-21T16:00:00,0.7909095,-1.2075001
2024-03-21T17:00:00,0.4375462,-2.0814924
2024-03-21T18:00:00,0.2382962,-1.1536824
2024-03-21T19:00:00,0.05186714,-1.0778903
2024-03-21T20:00:00,0.0,-0.29923326
2024-03-21T21:00:00,0.0,0.0
2024-03-21T22:00:00,0.0,0.0
2024-03-21T23:00:00,0.0,0.0
2024-03-22T00:00:00,0.0,0.0
2024-03-22T01:00:00,0.0,0.0
2024-03-22T02:00:00,0.0,0.0
2024-03-22T03:00:00,0.0,0.0
2024-03-22T04:00:00,0.0,0.0
2024-03-22T05:00:00,0.0,0.0
2024-03-22T06:00:00,0.0,0.0
2024-03-22T07:00:00,0.0007548942,0.005460801
2024-03-22T08:00:00,0.27667448,1.9241203
2024-03-22T09:00:00,0.57674056,2.0863411
2024-03-22T10:00:00,0.6124985,0.25738162
2024-03-22T11:00:00,0.5674544,-0.25632071
2024-03-22T12:00:00,0.5787184,0.08135961
2024-03-22T13:00:00,0.7971187,1.5339665
2024-03-22T14:00:00,0.8341903,0.26678762
2024-03-22T15:00:00,0.75249696,-0.46679378
2024-03-22T16:00:00,0.3753571,-2.2274203
2024-03-22T17:00:00,0.0014974661,-2.216891
2024-03-22T18:00:00,0.0,-0.0086762
2024-03-22T19:00:00,0.0,0.0
2024-03-22T20:00:00,0.0,0.0
2024-03-22T21:00:00,0.0,0.0
2024-03-22T22:00:00,0.0,0.0
2024-03-22T23:00:00,0.0,0.0
2024-03-23T00:00:00,0.0,0.0
2024-03-23T01:00:00,0.0,0.0
2024-03-23T02:00:00,0.0,0.0
2024-03-23T03:00:00,0.0,0.0
2024-03-23T04:00:00,0.0,0.0
2024-03-23T05:00:00,0.0,0.0
2024-03-23T06:00:00,0.0,0.0
2024-03-23T07:00:00,0.05390652,0.38702625
2024-03-23T08:00:00,0.29302266,1.6750985
2024-03-23T09:00:00,0.30279362,0.07059046
2024-03-23T10:00:00,0.10587016,-1.1399127
2024-03-23T11:00:00,0.0011420044,-0.61284083
2024-03-23T12:00:00,0.26026028,1.8107066
2024-03-23T13:00:00,0.55589104,2.0566115
2024-03-23T14:00:00,0.75309795,1.3888652
2024-03-23T15:00:00,0.7095759,-0.24761736
2024-03-23T16:00:00,0.3548233,-2.0899982
2024-03-23T17:00:00,0.23024562,-0.7152802
2024-03-23T18:00:00,0.023306359,-1.199242
2024-03-23T19:00:00,0.0,-0.13428935
2024-03-23T20:00:00,0.0,0.0
2024-03-23T21:00:00,0.0,0.0
2024-03-23T22:00:00,0.0,0.0
2024-03-23T23:00:00,0.0,0.0
2024-03-24T00:00:00,0.0,0.0
2024-03-24T01:00:00,0.0,0.0
2024-03-24T02:00:00,0.0,0.0
2024-03-24T03:00:00,0.0,0.0
2024-03-24T04:00:00,0.0,0.0
2024-03-24T05:00:00,0.0,0.0
2024-03-24T06:00:00,0.0,0.0
2024-03-24T07:00:00,0.0,0.0
2024-03-24T08:00:00,0.0,0.0
2024-03-24T09:00:00,0.0,0.0
2024-03-24T10:00:00,0.0,0.0
2024-03-24T11:00:00,0.0,0.0
2024-03-24T12:00:00,0.0,0.0
2024-03-24T13:00:00,0.0,0.0
2024-03-24T14:00:00,0.0,0.0
2024-03-24T15:00:00,0.0,0.0
2024-03-24T16:00:00,0.0,0.0
2024-03-24T17:00:00,0.0,0.0
2024-03-24T18:00:00,0.0,0.0
2024-03-24T19:00:00,0.0,0.0
2024-03-24T20:00:00,0.0,0.0
2024-03-24T21:00:00,0.0,0.0
2024-03-24T22:00:00,0.0,0.0
2024-03-24T23:00:00,0.0,0.0
2024-03-25T00:00:00,0.0,0.0
2024-03-25T01:00:00,0.0,0.0
2024-03-25T02:00:00,0.0,0.0
2024-03-25T03:00:00,0.0,0.0
2024-03-25T04:00:00,0.0,0.0
2024-03-25T05:00:00,0.0,0.0
2024-03-25T06:00:00,0.0,0.0
2024-03-25T07:00:00,0.0,0.0
2024-03-25T08:00:00,0.0,0.0
2024-03-25T09:00:00,0.0,0.0
2024-03-25T10:00:00,0.0,0.0
2024-03-25T11:00:00,0.0,0.0
2024-03-25T12:00:00,0.0,0.0
2024-03-25T13:00:00,0.0,0.0
2024-03-25T14:00:00,0.0,0.0
2024-03-25T15:00:00,0.0,0.0
2024-03-25T16:00:00,0.0,0.0
2024-03-25T17:00:00,0.0,0.0
2024-03-25T18:00:00,0.0,0.0
2024-03-25T19:00:00,0.0,0.0
2024-03-25T20:00:00,0.0,0.0
2024-03-25T21:00:00,0.0,0.0
2024-03-25T22:00:00,0.0,0.0
2024-03-25T23:00:00,0.0,0.0
2024-03-26T00:00:00,0.0,0.0
2024-03-26T01:00:00,0.0,0.0
2024-03-26T02:00:00,0.0,0.0
2024-03-26T03:00:00,0.0,0.0
2024-03-26T04:00:00,0.0,0.0
2024-03-26T05:00:00,0.0,0.0
2024-03-26T06:00:00,0.0,0.0
2024-03-26T07:00:00,0.0,0.0
2024-03-26T08:00:00,0.13327035,0.9465068
2024-03-26T09:00:00,0.40928045,1.9247301
2024-03-26T10:00:00,0.45987973,0.36344948
2024-03-26T11:00:00,0.41116616,-0.27731615
2024-03-26T12:00:00,0.6773859,1.8586982
2024-03-26T13:00:00,0.9246491,1.7304105
2024-03-26T14:00:00,0.9934296,0.47853687
2024-03-26T15:00:00,0.99885994,0.038339403
2024-03-26T16:00:00,0.97078985,-0.15942593
2024-03-26T17:00:00,0.8983945,-0.41323236
2024-03-26T18:00:00,0.7894763,-0.6242676
2024-03-26T19:00:00,0.6827892,-0.61132574
2024-03-26T20:00:00,0.5470946,-0.7800856
2024-03-26T21:00:00,0.51116633,-0.20423786
2024-03-26T22:00:00,0.4118087,-0.56885785
2024-03-26T23:00:00,0.25959107,-0.87670356
2024-03-27T00:00:00,0.22099058,-0.21949443
2024-03-27T01:00:00,0.15965806,-0.3496499
2024-03-27T02:00:00,0.0077258307,-0.87503165
2024-03-27T03:00:00,0.0,-0.04419759
2024-03-27T04:00:00,0.0,0.0
2024-03-27T05:00:00,0.0,0.0
2024-03-27T06:00:00,0.0,0.0
2024-03-27T07:00:00,0.0,0.0
2024-03-27T08:00:00,0.107761644,0.76797307
2024-03-27T09:00:00,0.31303784,1.4441891
2024-03-27T10:00:00,0.34110767,0.20226303
2024-03-27T11:00:00,0.32422364,-0.09577333
2024-03-27T12:00:00,0.4780521,1.0895302
2024-03-27T13:00:00,0.76984054,2.0308323
2024-03-27T14:00:00,0.97970706,1.4692523
2024-03-27T15:00:00,0.9976375,0.12609929
2024-03-27T16:00:00,0.7849479,-1.2333645
2024-03-27T17:00:00,0.3764971,-2.4207444
2024-03-27T18:00:00,0.06488607,-1.8270599
2024-03-27T19:00:00,0.0,-0.37358427
2024-03-27T20:00:00,0.0,0.0
2024-03-27T21:00:00,0.0,0.0
2024-03-27T22:00:00,0.0,0.0
2024-03-27T23:00:00,0.0,0.0
2024-03-28T00:00:00,0.0,0.0
2024-03-28T01:00:00,0.0,0.0
2024-03-28T02:00:00,0.0,0.0
2024-03-28T03:00:00,0.0,0.0
2024-03-28T04:00:00,0.0,0.0
2024-03-28T05:00:00,0.0,0.0
2024-03-28T06:00:00,0.0,0.0
2024-03-28T07:00:00,0.0,0.0
2024-03-28T08:00:00,0.057866085,0.41522497
2024-03-28T09:00:00,0.2829839,1.5798085
2024-03-28T10:00:00,0.24543582,-0.21348476
2024-03-28T11:00:00,0.26415375,0.13505532
2024-03-28T12:00:00,0.18492933,-0.45256063
2024-03-28T13:00:00,0.10505204,-0.45632362
2024-03-28T14:00:00,0.015372328,-0.5128889
2024-03-28T15:00:00,0.020260187,0.0353371
2024-03-28T16:00:00,0.00031302153,-0.114786565
2024-03-28T17:00:00,1.5716068e-06,-0.0018012918
2024-03-28T18:00:00,1.0016023e-08,-9.089495e-06
2024-03-28T19:00:00,0.0,-5.7111492e-08
2024-03-28T20:00:00,0.0,0.0
2024-03-28T21:00:00,0.0,0.0
2024-03-28T22:00:00,0.0,0.0
2024-03-28T23:00:00,0.0,0.0
2024-03-29T00:00:00,0.0,0.0
2024-03-29T01:00:00,0.0,0.0
2024-03-29T02:00:00,0.0,0.0
2024-03-29T03:00:00,0.0,0.0
2024-03-29T04:00:00,0.0,0.0
2024-03-29T05:00:00,0.0,0.0
2024-03-29T06:00:00,0.0,0.0
2024-03-29T07:00:00,0.0,0.0
2024-03-29T08:00:00,0.0,0.0
2024-03-29T09:00:00,0.0,0.0
2024-03-29T10:00:00,0.0,0.0
2024-03-29T11:00:00,0.011747139,0.08484334
2024-03-29T12:00:00,0.034326766,0.16282907
2024-03-29T13:00:00,0.009852545,-0.13894679
2024-03-29T14:00:00,1.5970712e-05,-0.055935573
2024-03-29T15:00:00,0.0,-9.07118e-05
2024-03-29T16:00:00,0.0,0.0
2024-03-29T17:00:00,0.0,0.0
2024-03-29T18:00:00,0.0,0.0
2024-03-29T19:00:00,0.0,0.0
2024-03-29T20:00:00,0.0,0.0
2024-03-29T21:00:00,0.0,0.0
2024-03-29T22:00:00,0.0,0.0
2024-03-29T23:00:00,0.0,0.0
2024-03-30T00:00:00,0.0,0.0
2024-03-30T01:00:00,0.0,0.0
2024-03-30T02:00:00,0.0,0.0
2024-03-30T03:00:00,0.0,0.0
2024-03-30T04:00:00,0.0,0.0
2024-03-30T05:00:00,0.0,0.0
2024-03-30T06:00:00,0.0,0.0
2024-03-30T07:00:00,0.0,0.0
2024-03-30T08:00:00,0.0,0.0
2024-03-30T09:00:00,0.030540938,0.21999227
2024-03-30T10:00:00,0.00091592286,-0.17366698
2024-03-30T11:00:00,0.0,-0.0053392015
2024-03-30T12:00:00,0.0,0.0
2024-03-30T13:00:00,0.0,0.0
2024-03-30T14:00:00,0.0,0.0
2024-03-30T15:00:00,0.0,0.0
2024-03-30T16:00:00,0.0,0.0
2024-03-30T17:00:00,0.0,0.0
2024-03-30T18:00:00,0.0,0.0
2024-03-30T19:00:00,0.0,0.0
2024-03-30T20:00:00,0.0,0.0
2024-03-30T21:00:00,0.0,0.0
2024-03-30T22:00:00,0.0,0.0
2024-03-30T23:00:00,0.0055091255,0.03982505
2024-03-31T00:00:00,0.00018327913,-0.031215405
2024-03-31T01:00:00,0.0,-0.0010702827
2024-03-31T02:00:00,0.0,0.0
2024-03-31T03:00:00,0.0,0.0
2024-03-31T04:00:00,0.0,0.0
2024-03-31T05:00:00,0.0,0.0
2024-03-31T06:00:00,0.0,0.0
2024-03-31T07:00:00,0.0,0.0
2024-03-31T08:00:00,0.0,0.0
2024-03-31T09:00:00,0.0,0.0
2024-03-31T10:00:00,0.0,0.0
2024-03-31T11:00:00,0.0,0.0
2024-03-31T12:00:00,0.0,0.0
2024-03-31T13:00:00,0.0,0.0
2024-03-31T14:00:00,0.0,0.0
2024-03-31T15:00:00,0.0,0.0
2024-03-31T16:00:00,0.0,0.0
2024-03-31T17:00:00,0.0,0.0
2024-03-31T18:00:00,0.0,0.0
2024-03-31T19:00:00,0.0,0.0
2024-03-31T20:00:00,0.0,0.0
2024-03-31T21:00:00,0.0,0.0
2024-03-31T22:00:00,0.0,0.0
2024-03-31T23:00:00,0.0,0.0
2024-04-01T00:00:00,0.0,0.0
2024-04-01T01:00:00,0.0,0.0
2024-04-01T02:00:00,0.0,0.0
2024-04-01T03:00:00,0.0,0.0
2024-04-01T04:00:00,0.0,0.0
2024-04-01T05:00:00,0.0,0.0
2024-04-01T06:00:00,0.0,0.0
2024-04-01T07:00:00,0.0,0.0
2024-04-01T08:00:00,0.0,0.0
2024-04-01T09:00:00,0.016731491,0.120756716
2024-04-01T10:00:00,0.00017111292,-0.09495503
2024-04-01T11:00:00,0.0,-0.000969136
2024-04-01T12:00:00,0.0,0.0
2024-04-01T13:00:00,0.0,0.0
2024-04-01T14:00:00,0.0,0.0
2024-04-01T15:00:00,0.08186554,0.5854882
2024-04-01T16:00:00,0.084589005,0.019695599
2024-04-01T17:00:00,0.061973438,-0.12836783
2024-04-01T18:00:00,0.00088889274,-0.35176638
2024-04-01T19:00:00,1.4670604e-06,-0.005118849
2024-04-01T20:00:00,0.0,-8.447338e-06
2024-04-01T21:00:00,0.0,0.0
2024-04-01T22:00:00,0.0,0.0
2024-04-01T23:00:00,0.0,0.0
2024-04-02T00:00:00,0.0,0.0
2024-04-02T01:00:00,0.0,0.0
2024-04-02T02:00:00,0.0,0.0
2024-04-02T03:00:00,0.0,0.0
2024-04-02T04:00:00,0.0,0.0
2024-04-02T05:00:00,0.0,0.0
2024-04-02T06:00:00,0.0,0.0
2024-04-02T07:00:00,0.0,0.0
2024-04-02T08:00:00,0.0,0.0
2024-04-02T09:00:00,0.0,0.0
2024-04-02T10:00:00,0.0,0.0
2024-04-02T11:00:00,0.0,0.0
2024-04-02T12:00:00,0.0,0.0
2024-04-02T13:00:00,0.0,0.0
2024-04-02T14:00:00,0.0,0.0
2024-04-02T15:00:00,0.0,0.0
2024-04-02T16:00:00,0.0,0.0
2024-04-02T17:00:00,0.0,0.0
2024-04-02T18:00:00,0.0,0.0
2024-04-02T19:00:00,0.0,0.0
2024-04-02T20:00:00,0.0,0.0
2024-04-02T21:00:00,0.0,0.0
2024-04-02T22:00:00,0.0,0.0
2024-04-02T23:00:00,0.0,0.0
2024-04-03T00:00:00,0.0,0.0
2024-04-03T01:00:00,0.0,0.0
2024-04-03T02:00:00,0.0,0.0
2024-04-03T03:00:00,0.0,0.0
2024-04-03T04:00:00,0.0,0.0
2024-04-03T05:00:00,0.0,0.0
2024-04-03T06:00:00,0.0,0.0
2024-04-03T07:00:00,0.0,0.0
2024-04-03T08:00:00,0.051692348,0.37124425
2024-04-03T09:00:00,0.26239663,1.4813553
2024-04-03T10:00:00,0.2829327,0.14813522
2024-04-03T11:00:00,0.36897445,0.61500305
2024-04-03T12:00:00,0.6284787,1.8133172
2024-04-03T13:00:00,0.9512972,2.2383752
2024-04-03T14:00:00,0.9948295,0.30782828
2024-04-03T15:00:00,0.99896985,0.029220317
2024-04-03T16:00:00,0.999355,0.0027217567
2024-04-03T17:00:00,0.79133314,-1.2056628
2024-04-03T18:00:00,0.5588082,-1.351402
2024-04-03T19:00:00,0.44697827,-0.6411662
2024-04-03T20:00:00,0.30868828,-0.79523855
2024-04-03T21:00:00,0.0070323,-1.7751162
2024-04-03T22:00:00,0.0,-0.040869232
2024-04-03T23:00:00,0.0,0.0
2024-04-04T00:00:00,0.0,0.0
2024-04-04T01:00:00,0.0,0.0
2024-04-04T02:00:00,0.0,0.0
2024-04-04T03:00:00,0.0,0.0
2024-04-04T04:00:00,0.0,0.0
2024-04-04T05:00:00,0.0,0.0
2024-04-04T06:00:00,0.0,0.0
2024-04-04T07:00:00,0.0,0.0
2024-04-04T08:00:00,0.04086481,0.29392886
2024-04-04T09:00:00,0.35610673,2.1878347
2024-04-04T10:00:00,0.38263342,0.19118556
2024-04-04T11:00:00,0.41864264,0.25918105
2024-04-04T12:00:00,0.5847823,1.1748186
2024-04-04T13:00:00,0.8078983,1.5661554
2024-04-04T14:00:00,0.98150784,1.2255224
2024-04-04T15:00:00,0.9825977,0.007883545
2024-04-04T16:00:00,0.7292375,-1.4759407
2024-04-04T17:00:00,0.4139863,-1.8491505
2024-04-04T18:00:00,0.015476053,-2.3592257
2024-04-04T19:00:00,0.0,-0.08822059
2024-04-04T20:00:00,0.0,0.0
2024-04-04T21:00:00,0.0,0.0
2024-04-04T22:00:00,0.0,0.0
2024-04-04T23:00:00,0.0,0.0
2024-04-05T00:00:00,0.0,0.0
2024-04-05T01:00:00,0.0,0.0
2024-04-05T02:00:00,0.0,0.0
2024-04-05T03:00:00,0.0,0.0
2024-04-05T04:00:00,0.0,0.0
2024-04-05T05:00:00,0.0,0.0
2024-04-05T06:00:00,0.0,0.0
2024-04-05T07:00:00,0.0,0.0
2024-04-05T08:00:00,0.12285509,0.87375546
2024-04-05T09:00:00,0.31197053,1.3332773
2024-04-05T10:00:00,0.19613616,-0.6644247
2024-04-05T11:00:00,0.10494341,-0.521631
2024-04-05T12:00:00,0.14728577,0.30449322
2024-04-05T13:00:00,0.31644374,1.1956878
2024-04-05T14:00:00,0.14419219,-0.9943304
2024-04-05T15:00:00,0.23782292,0.66855216
2024-04-05T16:00:00,0.0054876646,-1.3642589
2024-04-05T17:00:00,2.7534972e-05,-0.032223243
2024-04-05T18:00:00,0.0,-0.00016050482
2024-04-05T19:00:00,0.0,0.0
2024-04-05T20:00:00,0.0,0.0
2024-04-05T21:00:00,0.0,0.0
2024-04-05T22:00:00,0.0,0.0
2024-04-05T23:00:00,0.0,0.0
2024-04-06T00:00:00,0.0,0.0
2024-04-06T01:00:00,0.0,0.0
2024-04-06T02:00:00,0.0,0.0
2024-04-06T03:00:00,0.0,0.0
2024-04-06T04:00:00,0.0,0.0
2024-04-06T05:00:00,0.0,0.0
2024-04-06T06:00:00,0.0,0.0
2024-04-06T07:00:00,0.0,0.0
2024-04-06T08:00:00,0.057575233,0.41315466
2024-04-06T09:00:00,0.001640998,-0.3286387
2024-04-06T10:00:00,0.0,-0.009506928
2024-04-06T11:00:00,0.0,0.0
2024-04-06T12:00:00,0.18280588,1.2898531
2024-04-06T13:00:00,0.32786262,1.0285981
2024-04-06T14:00:00,0.49320516,1.1693046
2024-04-06T15:00:00,0.39418232,-0.5669196
2024-04-06T16:00:00,0.013232285,-2.256749
2024-04-06T17:00:00,0.0,-0.076205514
2024-04-06T18:00:00,0.0,0.0
2024-04-06T19:00:00,0.0,0.0
2024-04-06T20:00:00,0.0,0.0
2024-04-06T21:00:00,0.0,0.0
2024-04-06T22:00:00,0.0,0.0
2024-04-06T23:00:00,0.0,0.0
2024-04-07T00:00:00,0.0,0.0
2024-04-07T01:00:00,0.0,0.0
2024-04-07T02:00:00,0.0,0.0
2024-04-07T03:00:00,0.0,0.0
2024-04-07T04:00:00,0.0,0.0
2024-04-07T05:00:00,0.0,0.0
2024-04-07T06:00:00,0.0,0.0
2024-04-07T07:00:00,0.21147873,1.486654
2024-04-07T08:00:00,0.49799627,1.9954312
2024-04-07T09:00:00,0.42104495,-0.43946323
2024-04-07T10:00:00,0.30659905,-0.65635777
2024-04-07T11:00:00,0.42015418,0.8086265
2024-04-07T12:00:00,0.68505085,1.8497628
2024-04-07T13:00:00,0.93373424,1.7400417
2024-04-07T14:00:00,0.9933722,0.42001677
2024-04-07T15:00:00,0.78115207,-1.2305768
2024-04-07T16:00:00,0.58024114,-1.1635168
2024-04-07T17:00:00,0.68196565,0.72554326
2024-04-07T18:00:00,0.63581276,-0.2626632
2024-04-07T19:00:00,0.639867,0.029313916
2024-04-07T20:00:00,0.6311063,-0.04964871
2024-04-07T21:00:00,0.51520395,-0.6648197
2024-04-07T22:00:00,0.2743532,-1.4011033
2024-04-07T23:00:00,0.12563807,-0.85619307
2024-04-08T00:00:00,0.0,-0.7230904
2024-04-08T01:00:00,0.0,0.0
2024-04-08T02:00:00,0.0,0.0
2024-04-08T03:00:00,0.0,0.0
2024-04-08T04:00:00,0.0,0.0
2024-04-08T05:00:00,0.0,0.0
2024-04-08T06:00:00,0.0,0.0
2024-04-08T07:00:00,0.1520411,1.0771257
2024-04-08T08:00:00,0.4010858,1.7424915
2024-04-08T09:00:00,0.73805636,2.3325453
2024-04-08T10:00:00,0.7075558,-0.17327765
2024-04-08T11:00:00,0.70937705,0.013172933
2024-04-08T12:00:00,0.9490192,1.6786728
2024-04-08T13:00:00,0.9949948,0.32212028
2024-04-08T14:00:00,0.99894434,0.027874667
2024-04-08T15:00:00,0.7898059,-1.2122867
2024-04-08T16:00:00,0.43013713,-2.1201184
2024-04-08T17:00:00,0.28840104,-0.81537163
2024-04-08T18:00:00,0.1696815,-0.6811953
2024-04-08T19:00:00,0.0039389776,-0.9736076
2024-04-08T20:00:00,0.0,-0.022933576
2024-04-08T21:00:00,0.0,0.0
2024-04-08T22:00:00,0.0,0.0
2024-04-08T23:00:00,0.0,0.0
2024-04-09T00:00:00,0.0,0.0
2024-04-09T01:00:00,0.0,0.0
2024-04-09T02:00:00,0.0,0.0
2024-04-09T03:00:00,0.0,0.0
2024-04-09T04:00:00,0.0,0.0
2024-04-09T05:00:00,0.0,0.0
2024-04-09T06:00:00,0.0,0.0
2024-04-09T07:00:00,0.104324326,0.7438235
2024-04-09T08:00:00,0.3504792,1.7228923
2024-04-09T09:00:00,0.66429615,2.17832
2024-04-09T10:00:00,0.53589225,-0.7375667
2024-04-09T11:00:00,0.57232654,0.26222497
2024-04-09T12:00:00,0.75287724,1.2743157
2024-04-09T13:00:00,0.9783387,1.5773633
2024-04-09T14:00:00,0.996977,0.13440192
2024-04-09T15:00:00,0.7824935,-1.2440183
2024-04-09T16:00:00,0.3954144,-2.288646
2024-04-09T17:00:00,0.0040010232,-2.3153868
2024-04-09T18:00:00,0.0,-0.023220409
2024-04-09T19:00:00,0.0,0.0
2024-04-09T20:00:00,0.0,0.0
2024-04-09T21:00:00,0.0,0.0
2024-04-09T22:00:00,0.0,0.0
2024-04-09T23:00:00,0.0,0.0
2024-04-10T00:00:00,0.0,0.0
2024-04-10T01:00:00,0.0,0.0
2024-04-10T02:00:00,0.0,0.0
2024-04-10T03:00:00,0.0,0.0
2024-04-10T04:00:00,0.0,0.0
2024-04-10T05:00:00,0.0,0.0
2024-04-10T06:00:00,0.0,0.0
2024-04-10T07:00:00,0.119863965,0.8528256
2024-04-10T08:00:00,0.33854973,1.5359162
2024-04-10T09:00:00,0.5718994,1.6358836
2024-04-10T10:00:00,0.5373186,-0.19654821
2024-04-10T11:00:00,0.50486547,-0.1844109
2024-04-10T12:00:00,0.55889374,0.38789394
2024-04-10T13:00:00,0.65534264,0.6884098
2024-04-10T14:00:00,0.48900607,-0.9595466
2024-04-10T15:00:00,0.13787444,-2.0678341
2024-04-10T16:00:00,0.16311741,0.18196644
2024-04-10T17:00:00,0.06182477,-0.58006275
2024-04-10T18:00:00,0.00058857456,-0.35404593
2024-04-10T19:00:00,7.685676e-06,-0.003402929
2024-04-10T20:00:00,0.0,-4.3705386e-05
2024-04-10T21:00:00,0.0,0.0
2024-04-10T22:00:00,0.0,0.0
2024-04-10T23:00:00,0.0,0.0
2024-04-11T00:00:00,0.0,0.0
2024-04-11T01:00:00,0.0,0.0
2024-04-11T02:00:00,0.0,0.0
2024-04-11T03:00:00,0.0,0.0
2024-04-11T04:00:00,0.0,0.0
2024-04-11T05:00:00,0.0,0.0
2024-04-11T06:00:00,0.0,0.0
2024-04-11T07:00:00,0.01969114,0.14205758
2024-04-11T08:00:00,0.29243612,1.9027251
2024-04-11T09:00:00,0.60885584,2.195697
2024-04-11T10:00:00,0.5595096,-0.28093797
2024-04-11T11:00:00,0.51101464,-0.27606466
2024-04-11T12:00:00,0.59911424,0.62953436
2024-04-11T13:00:00,0.7557893,1.1092744
2024-04-11T14:00:00,0.5925167,-0.94154614
2024-04-11T15:00:00,0.37623566,-1.254698
2024-04-11T16:00:00,0.10614348,-1.5763388
2024-04-11T17:00:00,0.0,-0.61406386
2024-04-11T18:00:00,0.0,0.0
2024-04-11T19:00:00,0.0,0.0
2024-04-11T20:00:00,0.0,0.0
2024-04-11T21:00:00,0.0,0.0
2024-04-11T22:00:00,0.0,0.0
2024-04-11T23:00:00,0.0,0.0
2024-04-12T00:00:00,0.0,0.0
2024-04-12T01:00:00,0.0,0.0
2024-04-12T02:00:00,0.0,0.0
2024-04-12T03:00:00,0.0,0.0
2024-04-12T04:00:00,0.0,0.0
2024-04-12T05:00:00,0.0,0.0
2024-04-12T06:00:00,0.0,0.0
2024-04-12T07:00:00,0.084063634,0.6010271
2024-04-12T08:00:00,0.35167718,1.868108
2024-04-12T09:00:00,0.5928738,1.6892338
2024-04-12T10:00:00,0.48105305,-0.6411128
2024-04-12T11:00:00,0.38714513,-0.5373264
2024-04-12T12:00:00,0.64992815,1.8354828
2024-04-12T13:00:00,0.8726369,1.5633769
2024-04-12T14:00:00,0.9894837,0.81071687
2024-04-12T15:00:00,0.75470006,-1.3648766
2024-04-12T16:00:00,0.3498919,-2.398186
2024-04-12T17:00:00,0.07054503,-1.6320283
2024-04-12T18:00:00,0.00027434542,-0.4121453
2024-04-12T19:00:00,0.0,-0.0015936911
2024-04-12T20:00:00,0.0,0.0
2024-04-12T21:00:00,0.0,0.0
2024-04-12T22:00:00,0.0,0.0
2024-04-12T23:00:00,0.0,0.0
2024-04-13T00:00:00,0.0,0.0
2024-04-13T01:00:00,0.0,0.0
2024-04-13T02:00:00,0.0,0.0
2024-04-13T03:00:00,0.0,0.0
2024-04-13T04:00:00,0.0,0.0
2024-04-13T05:00:00,0.0,0.0
2024-04-13T06:00:00,0.0,0.0
2024-04-13T07:00:00,0.0,0.0
2024-04-13T08:00:00,0.0,0.0
2024-04-13T09:00:00,0.0,0.0
2024-04-13T10:00:00,0.0,0.0
2024-04-13T11:00:00,0.0,0.0
2024-04-13T12:00:00,0.0,0.0
2024-04-13T13:00:00,0.098814905,0.70506996
2024-04-13T14:00:00,0.020315658,-0.44838154
2024-04-13T15:00:00,6.0048453e-05,-0.116041444
2024-04-13T16:00:00,1.3783871e-06,-0.00034400885
2024-04-13T17:00:00,0.0,-8.019528e-06
2024-04-13T18:00:00,0.0,0.0
2024-04-13T19:00:00,0.0,0.0
2024-04-13T20:00:00,0.0,0.0
2024-04-13T21:00:00,0.0,0.0
2024-04-13T22:00:00,0.026329443,0.1897692
2024-04-13T23:00:00,9.235242e-06,-0.14962962
2024-04-14T00:00:00,1.9908961e-07,-5.2502084e-05
2024-04-14T01:00:00,0.0,-1.1546772e-06
2024-04-14T02:00:00,0.0,0.0
2024-04-14T03:00:00,0.0,0.0
2024-04-14T04:00:00,0.0,0.0
2024-04-14T05:00:00,0.0,0.0
2024-04-14T06:00:00,0.0,0.0
2024-04-14T07:00:00,0.19602543,1.3807554
2024-04-14T08:00:00,0.5161063,2.2201233
2024-04-14T09:00:00,0.48377636,-0.18370831
2024-04-14T10:00:00,0.4976361,0.10007136
2024-04-14T11:00:00,0.74698395,1.7445468
2024-04-14T12:00:00,0.97754484,1.6148266
2024-04-14T13:00:00,0.9973763,0.1392287
2024-04-14T14:00:00,0.99911875,0.012306549
2024-04-14T15:00:00,0.999282,0.0011549821
2024-04-14T16:00:00,0.7910616,-1.2068405
2024-04-14T17:00:00,0.6443466,-0.8444874
2024-04-14T18:00:00,0.5816819,-0.35729814
2024-04-14T19:00:00,0.5871505,0.039532278
2024-04-14T20:00:00,0.538902,-0.27465454
2024-04-14T21:00:00,0.36630318,-0.99637395
2024-04-14T22:00:00,0.20667154,-0.92017275
2024-04-14T23:00:00,0.12880239,-0.44475085
2024-04-15T00:00:00,0.016997157,-0.6410227
2024-04-15T01:00:00,4.588888e-05,-0.097451285
2024-04-15T02:00:00,0.0,-0.00026068086
2024-04-15T03:00:00,0.010428642,0.07533474
2024-04-15T04:00:00,0.00022696667,-0.05913167
2024-04-15T05:00:00,1.6992058e-06,-0.0013155603
2024-04-15T06:00:00,1.3635014e-08,-9.923348e-06
2024-04-15T07:00:00,0.13861634,0.98377204
2024-04-15T08:00:00,0.35001606,1.4861135
2024-04-15T09:00:00,0.69292235,2.3719535
2024-04-15T10:00:00,0.7530124,0.43105003
2024-04-15T11:00:00,0.74207926,-0.061975833
2024-04-15T12:00:00,0.9581794,1.5182526
2024-04-15T13:00:00,0.995871,0.2631026
2024-04-15T14:00:00,0.9989663,0.021875078
2024-04-15T15:00:00,0.93645996,-0.35638872
2024-04-15T16:00:00,0.5605108,-2.2200942
2024-04-15T17:00:00,0.20308846,-2.1063511
2024-04-15T18:00:00,0.0,-1.1797206
2024-04-15T19:00:00,0.0,0.0
2024-04-15T20:00:00,0.0,0.0
2024-04-15T21:00:00,0.0,0.0
2024-04-15T22:00:00,0.0,0.0
2024-04-15T23:00:00,0.0,0.0
2024-04-16T00:00:00,0.0,0.0
2024-04-16T01:00:00,0.0,0.0
2024-04-16T02:00:00,0.0,0.0
2024-04-16T03:00:00,0.0,0.0
2024-04-16T04:00:00,0.0,0.0
2024-04-16T05:00:00,0.0,0.0
2024-04-16T06:00:00,0.0,0.0
2024-04-16T07:00:00,0.055099893,0.39552832
2024-04-16T08:00:00,0.29882032,1.7063712
2024-04-16T09:00:00,0.5701513,1.8931903
2024-04-16T10:00:00,0.5706929,0.003917782
2024-04-16T11:00:00,0.5768672,0.044629432
2024-04-16T12:00:00,0.58287525,0.04342851
2024-04-16T13:00:00,0.7069295,0.8821418
2024-04-16T14:00:00,0.7286322,0.15652494
2024-04-16T15:00:00,0.66804904,-0.34534872
2024-04-16T16:00:00,0.26273122,-2.4013412
2024-04-16T17:00:00,0.09300684,-0.97946346
2024-04-16T18:00:00,7.153473e-05,-0.53673375
2024-04-16T19:00:00,0.0,-0.000406589
2024-04-16T20:00:00,0.0,0.0
2024-04-16T21:00:00,0.0,0.0
2024-04-16T22:00:00,0.0,0.0
2024-04-16T23:00:00,0.0,0.0
2024-04-17T00:00:00,0.0,0.0
2024-04-17T01:00:00,0.0,0.0
2024-04-17T02:00:00,0.0,0.0
2024-04-17T03:00:00,0.0,0.0
2024-04-17T04:00:00,0.0,0.0
2024-04-17T05:00:00,0.0,0.0
2024-04-17T06:00:00,0.0,0.0
2024-04-17T07:00:00,0.13269673,0.94250506
2024-04-17T08:00:00,0.3598732,1.5938424
2024-04-17T09:00:00,0.63250524,1.9019635
2024-04-17T10:00:00,0.46131495,-0.9880862
2024-04-17T11:00:00,0.26817092,-1.1175594
2024-04-17T12:00:00,0.13169283,-0.784659
2024-04-17T13:00:00,0.0017284991,-0.7571469
2024-04-17T14:00:00,0.0,-0.009999651
2024-04-17T15:00:00,0.0,0.0
2024-04-17T16:00:00,0.0,0.0
2024-04-17T17:00:00,0.0,0.0
2024-04-17T18:00:00,0.0,0.0
2024-04-17T19:00:00,0.0,0.0
2024-04-17T20:00:00,0.0,0.0
2024-04-17T21:00:00,0.0,0.0
2024-04-17T22:00:00,0.0,0.0
2024-04-17T23:00:00,0.0,0.0
2024-04-18T00:00:00,0.0,0.0
2024-04-18T01:00:00,0.0,0.0
2024-04-18T02:00:00,0.0,0.0
2024-04-18T03:00:00,0.0,0.0
2024-04-18T04:00:00,0.0,0.0
2024-04-18T05:00:00,0.0055003557,0.0397617
2024-04-18T06:00:00,5.27183e-05,-0.031165676
2024-04-18T07:00:00,0.011328824,0.081446804
2024-04-18T08:00:00,0.17249948,1.1404271
2024-04-18T09:00:00,0.50322264,2.291011
2024-04-18T10:00:00,0.55434245,0.36716166
2024-04-18T11:00:00,0.6071862,0.3794524
2024-04-18T12:00:00,0.76688004,1.1301975
2024-04-18T13:00:00,0.9785057,1.4872731
2024-04-18T14:00:00,0.99693775,0.13286154
2024-04-18T15:00:00,0.78234774,-1.2446508
2024-04-18T16:00:00,0.39353055,-2.2993662
2024-04-18T17:00:00,0.041492727,-2.0733793
2024-04-18T18:00:00,0.0,-0.23778574
2024-04-18T19:00:00,0.0,0.0
2024-04-18T20:00:00,0.042450633,0.30526716
2024-04-18T21:00:00,0.0009039721,-0.2417955
2024-04-18T22:00:00,8.006942e-06,-0.0052609853
2024-04-18T23:00:00,0.0,-4.6977737e-05
2024-04-19T00:00:00,0.0,0.0
2024-04-19T01:00:00,0.0,0.0
2024-04-19T02:00:00,0.0,0.0
2024-04-19T03:00:00,0.0,0.0
2024-04-19T04:00:00,0.0,0.0
2024-04-19T05:00:00,0.0,0.0
2024-04-19T06:00:00,0.0,0.0
2024-04-19T07:00:00,0.0,0.0
2024-04-19T08:00:00,0.26701364,1.8640583
2024-04-19T09:00:00,0.59444505,2.269103
2024-04-19T10:00:00,0.56211954,-0.18368289
2024-04-19T11:00:00,0.5948025,0.23535056
2024-04-19T12:00:00,0.9055376,2.1577308
2024-04-19T13:00:00,0.991787,0.5997909
2024-04-19T14:00:00,0.9985652,0.047791623
2024-04-19T15:00:00,0.99918854,0.004411029
2024-04-19T16:00:00,0.790714,-1.2083479
2024-04-19T17:00:00,0.3856969,-2.3994799
2024-04-19T18:00:00,0.15578821,-1.3358033
2024-04-19T19:00:00,0.0017038672,-0.90515244
2024-04-19T20:00:00,3.6504014e-06,-0.010009191
2024-04-19T21:00:00,0.0,-2.0808242e-05
2024-04-19T22:00:00,0.0,0.0
2024-04-19T23:00:00,0.0,0.0
2024-04-20T00:00:00,0.0,0.0
2024-04-20T01:00:00,0.0,0.0
2024-04-20T02:00:00,0.0,0.0
2024-04-20T03:00:00,0.0,0.0
2024-04-20T04:00:00,0.0,0.0
2024-04-20T05:00:00,0.0,0.0
2024-04-20T06:00:00,0.0,0.0
2024-04-20T07:00:00,0.0,0.0
2024-04-20T08:00:00,0.16755447,1.1846029
2024-04-20T09:00:00,0.0012989102,-0.9707317
2024-04-20T10:00:00,3.9817296e-06,-0.007584067
2024-04-20T11:00:00,0.0,-2.2839014e-05
2024-04-20T12:00:00,0.02848645,0.20525306
2024-04-20T13:00:00,0.0006067028,-0.16193733
2024-04-20T14:00:00,0.0,-0.0034688672
2024-04-20T15:00:00,0.0,0.0
2024-04-20T16:00:00,0.0,0.0
2024-04-20T17:00:00,0.0,0.0
2024-04-20T18:00:00,0.0,0.0
2024-04-20T19:00:00,0.0,0.0
2024-04-20T20:00:00,0.0,0.0
2024-04-20T21:00:00,0.020434696,0.14740622
2024-04-20T22:00:00,0.026335124,0.042651348
2024-04-20T23:00:00,0.00018476679,-0.14922653
2024-04-21T00:00:00,1.5295999e-06,-0.0010543683
2024-04-21T01:00:00,0.0,-8.772093e-06
2024-04-21T02:00:00,0.0,0.0
2024-04-21T03:00:00,0.0,0.0
2024-04-21T04:00:00,0.0,0.0
2024-04-21T05:00:00,0.0,0.0
2024-04-21T06:00:00,0.0,0.0
2024-04-21T07:00:00,0.0,0.0
2024-04-21T08:00:00,0.14824657,1.0507718
2024-04-21T09:00:00,0.00040505955,-0.8566843
2024-04-21T10:00:00,1.0683318e-06,-0.0023471634
2024-04-21T11:00:00,0.0,-6.119466e-06
2024-04-21T12:00:00,0.0,0.0
2024-04-21T13:00:00,0.10104584,0.7207693
2024-04-21T14:00:00,0.052944276,-0.2738133
2024-04-21T15:00:00,0.00032901848,-0.30137998
2024-04-21T16:00:00,4.5867278e-06,-0.0018846164
2024-04-21T17:00:00,0.2124509,1.4932728
2024-04-21T18:00:00,0.3682073,1.1029042
2024-04-21T19:00:00,0.45869994,0.64642245
2024-04-21T20:00:00,0.4228272,-0.20392081
2024-04-21T21:00:00,0.4557233,0.23687787
2024-04-21T22:00:00,0.34625557,-0.6274556
2024-04-21T23:00:00,0.21490407,-0.7547486
2024-04-22T00:00:00,0.059505954,-0.8953423
2024-04-22T01:00:00,0.00014583637,-0.3428497
2024-04-22T02:00:00,0.03956513,0.28358933
2024-04-22T03:00:00,9.812918e-05,-0.22526386
2024-04-22T04:00:00,6.144598e-08,-0.0005600871
2024-04-22T05:00:00,5.58135e-10,-3.5093194e-07
2024-04-22T06:00:00,0.0,-3.2139054e-09
2024-04-22T07:00:00,0.0,0.0
2024-04-22T08:00:00,0.0,0.0
2024-04-22T09:00:00,0.0,0.0
2024-04-22T10:00:00,0.0,0.0
2024-04-22T11:00:00,0.0,0.0
2024-04-22T12:00:00,0.0,0.0
2024-04-22T13:00:00,0.0,0.0
2024-04-22T14:00:00,0.0,0.0
2024-04-22T15:00:00,0.0,0.0
2024-04-22T16:00:00,0.0,0.0
2024-04-22T17:00:00,0.0,0.0
2024-04-22T18:00:00,0.0,0.0
2024-04-22T19:00:00,0.0,0.0
2024-04-22T20:00:00,0.0,0.0
2024-04-22T21:00:00,0.0633816,0.4544534
2024-04-22T22:00:00,0.0004922678,-0.36207366
2024-04-22T23:00:00,3.861488e-06,-0.0028341406
2024-04-23T00:00:00,1.3309804e-08,-2.2407574e-05
2024-04-23T01:00:00,0.0,-7.647847e-08
2024-04-23T02:00:00,0.07825124,0.5599178
2024-04-23T03:00:00,0.00017664602,-0.44793826
2024-04-23T04:00:00,0.0,-0.0010116249
2024-04-23T05:00:00,0.0,0.0
2024-04-23T06:00:00,0.0,0.0
2024-04-23T07:00:00,0.0,0.0
2024-04-23T08:00:00,0.17298679,1.2221379
2024-04-23T09:00:00,0.37582195,1.4274646
2024-04-23T10:00:00,0.37556338,-0.0014639016
2024-04-23T11:00:00,0.42166907,0.33138087
2024-04-23T12:00:00,0.51944166,0.69773203
2024-04-23T13:00:00,0.64077336,0.8630976
2024-04-23T14:00:00,0.57806844,-0.3575292
2024-04-23T15:00:00,0.40675947,-0.98878443
2024-04-23T16:00:00,0.12791826,-1.6289828
2024-04-23T17:00:00,0.0,-0.74263275
2024-04-23T18:00:00,0.0,0.0
2024-04-23T19:00:00,0.0,0.0
2024-04-23T20:00:00,0.0,0.0
2024-04-23T21:00:00,0.0,0.0
2024-04-23T22:00:00,0.0,0.0
2024-04-23T23:00:00,0.0,0.0
2024-04-24T00:00:00,0.0,0.0
2024-04-24T01:00:00,0.0,0.0
2024-04-24T02:00:00,0.0,0.0
2024-04-24T03:00:00,0.0,0.0
2024-04-24T04:00:00,0.0,0.0
2024-04-24T05:00:00,0.0,0.0
2024-04-24T06:00:00,0.0,0.0
2024-04-24T07:00:00,0.07825614,0.55995244
2024-04-24T08:00:00,0.40193528,2.2441103
2024-04-24T09:00:00,0.742873,2.3588898
2024-04-24T10:00:00,0.81510717,0.51729244
2024-04-24T11:00:00,0.81970596,0.03324849
2024-04-24T12:00:00,0.9826761,1.1489372
2024-04-24T13:00:00,0.99771273,0.10592264
2024-04-24T14:00:00,0.99908024,0.009687594
2024-04-24T15:00:00,0.9544725,-0.2538251
2024-04-24T16:00:00,0.66880673,-1.6701168
2024-04-24T17:00:00,0.37350237,-1.728317
2024-04-24T18:00:00,0.061627444,-1.8286608
2024-04-24T19:00:00,0.0,-0.35865784
2024-04-24T20:00:00,0.0,0.0
2024-04-24T21:00:00,0.0,0.0
2024-04-24T22:00:00,0.0,0.0
2024-04-24T23:00:00,0.0,0.0
2024-04-25T00:00:00,0.0,0.0
2024-04-25T01:00:00,0.0,0.0
2024-04-25T02:00:00,0.0,0.0
2024-04-25T03:00:00,0.0,0.0
2024-04-25T04:00:00,0.0,0.0
2024-04-25T05:00:00,0.0,0.0
2024-04-25T06:00:00,0.0,0.0
2024-04-25T07:00:00,0.0,0.0
2024-04-25T08:00:00,0.29839915,2.0751712
2024-04-25T09:00:00,0.6170588,2.2106438
2024-04-25T10:00:00,0.6047463,-0.06980599
2024-04-25T11:00:00,0.5826534,-0.12539352
2024-04-25T12:00:00,0.8662872,1.9760444
2024-04-25T13:00:00,0.98882926,0.8507496
2024-04-25T14:00:00,0.99826586,0.066476
2024-04-25T15:00:00,0.9991224,0.0060813855
2024-04-25T16:00:00,0.790468,-1.2094151
2024-04-25T17:00:00,0.41042972,-2.245261
2024-04-25T18:00:00,0.044036146,-2.1613717
2024-04-25T19:00:00,0.0,-0.2506574
2024-04-25T20:00:00,0.0,0.0
2024-04-25T21:00:00,0.0,0.0
2024-04-25T22:00:00,0.0,0.0
2024-04-25T23:00:00,0.0,0.0
2024-04-26T00:00:00,0.0,0.0
2024-04-26T01:00:00,0.0,0.0
2024-04-26T02:00:00,0.0,0.0
2024-04-26T03:00:00,0.0,0.0
2024-04-26T04:00:00,0.0,0.0
2024-04-26T05:00:00,0.0,0.0
2024-04-26T06:00:00,0.0,0.0
2024-04-26T07:00:00,0.02555728,0.18422401
2024-04-26T08:00:00,0.24070224,1.5117246
2024-04-26T09:00:00,0.55638593,2.1907845
2024-04-26T10:00:00,0.45173192,-0.5995389
2024-04-26T11:00:00,0.44483954,-0.03905249
2024-04-26T12:00:00,0.7218095,1.931196
2024-04-26T13:00:00,0.95669043,1.646302
2024-04-26T14:00:00,0.9954003,0.27209422
2024-04-26T15:00:00,0.9988499,0.02434963
2024-04-26T16:00:00,0.99916935,0.0022719472
2024-04-26T17:00:00,0.99920154,0.00022763948
2024-04-26T18:00:00,0.9992046,2.1644695e-05
2024-04-26T19:00:00,0.9992049,2.189631e-06
2024-04-26T20:00:00,0.99920493,2.8227134e-07
2024-04-26T21:00:00,0.99920493,-9.919979e-08
2024-04-26T22:00:00,0.99920493,-9.9200285e-08
2024-04-26T23:00:00,0.99920493,-9.920078e-08
2024-04-27T00:00:00,0.99920493,-9.920128e-08
2024-04-27T01:00:00,0.98050505,-0.10609515
2024-04-27T02:00:00,0.99717104,0.11967863
2024-04-27T03:00:00,0.95141834,-0.26037392
2024-04-27T04:00:00,0.614856,-1.9788312
2024-04-27T05:00:00,0.2428552,-2.1958156
2024-04-27T06:00:00,0.0005807332,-1.4335055
2024-04-27T07:00:00,0.0,-0.00340967
2024-04-27T08:00:00,0.19640109,1.3833343
2024-04-27T09:00:00,0.002559948,-1.1421434
2024-04-27T10:00:00,0.0,-0.014702408
2024-04-27T11:00:00,0.0,0.0
2024-04-27T12:00:00,0.13119215,0.9320062
2024-04-27T13:00:00,0.050880954,-0.45882487
2024-04-27T14:00:00,0.0016680806,-0.29068732
2024-04-27T15:00:00,0.0,-0.00983135
2024-04-27T16:00:00,0.0,0.0
2024-04-27T17:00:00,0.0,0.0
2024-04-27T18:00:00,0.0,0.0
2024-04-27T19:00:00,0.0,0.0
2024-04-27T20:00:00,0.0,0.0
2024-04-27T21:00:00,0.0,0.0
2024-04-27T22:00:00,0.0,0.0
2024-04-27T23:00:00,0.0,0.0
2024-04-28T00:00:00,0.0,0.0
2024-04-28T01:00:00,0.0,0.0
2024-04-28T02:00:00,0.0,0.0
2024-04-28T03:00:00,0.020302583,0.14645597
2024-04-28T04:00:00,0.016500184,-0.021537047
2024-04-28T05:00:00,0.0005177017,-0.093458176
2024-04-28T06:00:00,4.8495835e-06,-0.0030272803
2024-04-28T07:00:00,0.0,-2.8482726e-05
2024-04-28T08:00:00,0.0,0.0
2024-04-28T09:00:00,0.0,0.0
2024-04-28T10:00:00,0.0,0.0
2024-04-28T11:00:00,0.0,0.0
2024-04-28T12:00:00,0.0,0.0
2024-04-28T13:00:00,0.0,0.0
2024-04-28T14:00:00,0.0,0.0
2024-04-28T15:00:00,0.0,0.0
2024-04-28T16:00:00,0.084992506,0.60759073
2024-04-28T17:00:00,0.0024048963,-0.48697883
2024-04-28T18:00:00,0.0,-0.014014149
2024-04-28T19:00:00,0.0,0.0
2024-04-28T20:00:00,0.0,0.0
2024-04-28T21:00:00,0.0,0.0
2024-04-28T22:00:00,0.0,0.0
2024-04-28T23:00:00,0.0,0.0
2024-04-29T00:00:00,0.0,0.0
2024-04-29T01:00:00,0.0,0.0
2024-04-29T02:00:00,0.0,0.0
2024-04-29T03:00:00,0.0,0.0
2024-04-29T04:00:00,0.0,0.0
2024-04-29T05:00:00,0.0,0.0
2024-04-29T06:00:00,0.0,0.0
2024-04-29T07:00:00,0.0,0.0
2024-04-29T08:00:00,0.12167687,0.865513
2024-04-29T09:00:00,0.14222032,0.14818846
2024-04-29T10:00:00,0.11591782,-0.14935718
2024-04-29T11:00:00,0.11170115,-0.023884568
2024-04-29T12:00:00,0.032550994,-0.45213264
2024-04-29T13:00:00,0.00019538983,-0.18594235
2024-04-29T14:00:00,5.522562e-06,-0.0011228733
2024-04-29T15:00:00,0.0,-3.1977044e-05
2024-04-29T16:00:00,0.0,0.0
2024-04-29T17:00:00,0.0,0.0
2024-04-29T18:00:00,0.0,0.0
2024-04-29T19:00:00,0.0,0.0
2024-04-29T20:00:00,0.0,0.0
2024-04-29T21:00:00,0.022938715,0.16541013
2024-04-29T22:00:00,0.0005508325,-0.13029748
2024-04-29T23:00:00,0.0,-0.0031862287
2024-04-30T00:00:00,0.0,0.0
2024-04-30T01:00:00,0.0,0.0
2024-04-30T02:00:00,0.043932207,0.3158556
2024-04-30T03:00:00,0.000609625,-0.2502865
2024-04-30T04:00:00,0.0,-0.0034851392
2024-04-30T05:00:00,0.0,0.0
2024-04-30T06:00:00,0.0,0.0
2024-04-30T07:00:00,0.0,0.0
2024-04-30T08:00:00,0.14977627,1.061399
2024-04-30T09:00:00,0.42085662,1.8914999
2024-04-30T10:00:00,0.42422116,0.024329484
2024-04-30T11:00:00,0.4811745,0.40872747
2024-04-30T12:00:00,0.4374047,-0.24903372
2024-04-30T13:00:00,0.5064655,0.49478427
2024-04-30T14:00:00,0.5106338,0.030138168
2024-04-30T15:00:00,0.38203806,-0.73868483
2024-04-30T16:00:00,0.17135747,-1.2214379
2024-04-30T17:00:00,0.0012521943,-0.993459
2024-04-30T18:00:00,2.617813e-06,-0.0073131397
2024-04-30T19:00:00,0.0,-1.5025796e-05
2024-04-30T20:00:00,0.0,0.0
2024-04-30T21:00:00,0.0,0.0
2024-04-30T22:00:00,0.0,0.0
2024-04-30T23:00:00,0.0,0.0
2024-05-01T00:00:00,0.0,0.0
2024-05-01T01:00:00,0.0,0.0
2024-05-01T02:00:00,0.0,0.0
2024-05-01T03:00:00,0.0,0.0
2024-05-01T04:00:00,0.0,0.0
2024-05-01T05:00:00,0.0,0.0
2024-05-01T06:00:00,0.0,0.0
2024-05-01T07:00:00,0.0,0.0
2024-05-01T08:00:00,0.0,0.0
2024-05-01T09:00:00,0.0862039,0.6161483
2024-05-01T10:00:00,0.00031045402,-0.4940018
2024-05-01T11:00:00,0.0,-0.0017654259
2024-05-01T12:00:00,0.0,0.0
2024-05-01T13:00:00,0.10430102,0.74365973
2024-05-01T14:00:00,0.07289874,-0.17841844
2024-05-01T15:00:00,0.0006476224,-0.41418898
2024-05-01T16:00:00,5.1820957e-06,-0.0037125803
2024-05-01T17:00:00,7.862611e-08,-2.9946668e-05
2024-05-01T18:00:00,0.0,-4.6075024e-07
2024-05-01T19:00:00,0.0,0.0
2024-05-01T20:00:00,0.0,0.0
2024-05-01T21:00:00,0.0,0.0
2024-05-01T22:00:00,0.0,0.0
2024-05-01T23:00:00,0.0,0.0
2024-05-02T00:00:00,0.0,0.0
2024-05-02T01:00:00,0.0013592897,0.009832061
2024-05-02T02:00:00,3.9023576e-05,-0.007697319
2024-05-02T03:00:00,1.6667346e-07,-0.0002275124
2024-05-02T04:00:00,4.2082607e-10,-9.758955e-07
2024-05-02T05:00:00,0.0,-2.4397593e-09
2024-05-02T06:00:00,0.0,0.0
2024-05-02T07:00:00,0.0,0.0
2024-05-02T08:00:00,0.0,0.0
2024-05-02T09:00:00,0.0,0.0
2024-05-02T10:00:00,0.0,0.0
2024-05-02T11:00:00,0.0,0.0
2024-05-02T12:00:00,0.0,0.0
2024-05-02T13:00:00,0.0,0.0
2024-05-02T14:00:00,0.0,0.0
2024-05-02T15:00:00,0.0,0.0
2024-05-02T16:00:00,0.016156694,0.11661776
2024-05-02T17:00:00,0.00022287143,-0.09168541
2024-05-02T18:00:00,3.1484756e-06,-0.0012824328
2024-05-02T19:00:00,0.0,-1.820608e-05
2024-05-02T20:00:00,0.0,0.0
2024-05-02T21:00:00,0.0,0.0
2024-05-02T22:00:00,0.0,0.0
2024-05-02T23:00:00,0.0,0.0
2024-05-03T00:00:00,0.0,0.0
2024-05-03T01:00:00,0.0,0.0
2024-05-03T02:00:00,0.0,0.0
2024-05-03T03:00:00,0.0,0.0
2024-05-03T04:00:00,0.0,0.0
2024-05-03T05:00:00,0.0,0.0
2024-05-03T06:00:00,0.0,0.0
2024-05-03T07:00:00,0.0,0.0
2024-05-03T08:00:00,0.0,0.0
2024-05-03T09:00:00,0.0,0.0
2024-05-03T10:00:00,0.0,0.0
2024-05-03T11:00:00,0.0,0.0
2024-05-03T12:00:00,0.0,0.0
2024-05-03T13:00:00,0.0,0.0
2024-05-03T14:00:00,0.0,0.0
2024-05-03T15:00:00,0.0,0.0
2024-05-03T16:00:00,0.0,0.0
2024-05-03T17:00:00,0.0,0.0
2024-05-03T18:00:00,0.0,0.0
2024-05-03T19:00:00,0.0,0.0
2024-05-03T20:00:00,0.0,0.0
2024-05-03T21:00:00,0.013855924,0.100043826
2024-05-03T22:00:00,0.090429306,0.5480388
2024-05-03T23:00:00,0.13302387,0.306296
2024-05-04T00:00:00,0.003561984,-0.7577089
2024-05-04T01:00:00,4.6037174e-05,-0.020847425
2024-05-04T02:00:00,0.0,-0.00027069493
2024-05-04T03:00:00,0.0,0.0
2024-05-04T04:00:00,0.0,0.0
2024-05-04T05:00:00,0.0,0.0
2024-05-04T06:00:00,0.0,0.0
2024-05-04T07:00:00,0.0,0.0
2024-05-04T08:00:00,0.0,0.0
2024-05-04T09:00:00,0.0,0.0
2024-05-04T10:00:00,0.0,0.0
2024-05-04T11:00:00,0.016190296,0.11685975
2024-05-04T12:00:00,0.1993347,1.2921846
2024-05-04T13:00:00,0.1722957,-0.15355203
2024-05-04T14:00:00,0.006144004,-0.9784521
2024-05-04T15:00:00,0.0,-0.035547256
2024-05-04T16:00:00,0.0,0.0
2024-05-04T17:00:00,0.0,0.0
2024-05-04T18:00:00,0.0,0.0
2024-05-04T19:00:00,0.0,0.0
2024-05-04T20:00:00,0.048348546,0.34739217
2024-05-04T21:00:00,0.00035908475,-0.27561745
2024-05-04T22:00:00,6.438419e-07,-0.0020623284
2024-05-04T23:00:00,0.036748648,0.26447108
2024-05-05T00:00:00,0.0012677334,-0.20914952
2024-05-05T01:00:00,0.0,-0.0072170626
2024-05-05T02:00:00,0.0,0.0
2024-05-05T03:00:00,0.0,0.0
2024-05-05T04:00:00,0.0,0.0
2024-05-05T05:00:00,0.0,0.0
2024-05-05T06:00:00,0.0,0.0
2024-05-05T07:00:00,0.05235416,0.3759625
2024-05-05T08:00:00,0.28196457,1.6104256
2024-05-05T09:00:00,0.048209768,-1.3587381
2024-05-05T10:00:00,0.0,-0.27773193
2024-05-05T11:00:00,0.0,0.0
2024-05-05T12:00:00,0.17926736,1.2654698
2024-05-05T13:00:00,0.39977068,1.548326
2024-05-05T14:00:00,0.3175622,-0.46976465
2024-05-05T15:00:00,0.3609061,0.3116516
2024-05-05T16:00:00,0.33121738,-0.16864993
2024-05-05T17:00:00,0.25715718,-0.42281467
2024-05-05T18:00:00,0.29027313,0.23845372
2024-05-05T19:00:00,0.30263525,0.089277096
2024-05-05T20:00:00,0.10501935,-1.1440102
2024-05-05T21:00:00,0.04201931,-0.35922366
2024-05-05T22:00:00,0.00030413855,-0.2395924
2024-05-05T23:00:00,5.9297904e-06,-0.0017468292
2024-05-06T00:00:00,1.2767193e-08,-3.4735167e-05
2024-05-06T01:00:00,0.0,-7.400272e-08
2024-05-06T02:00:00,0.0,0.0
2024-05-06T03:00:00,0.0,0.0
2024-05-06T04:00:00,0.0,0.0
2024-05-06T05:00:00,0.030933544,0.22280791
2024-05-06T06:00:00,0.20752214,1.2469964
2024-05-06T07:00:00,0.41845858,1.4829439
2024-05-06T08:00:00,0.69933003,1.9574618
2024-05-06T09:00:00,0.97526324,1.918977
2024-05-06T10:00:00,0.9970704,0.15299495
2024-05-06T11:00:00,0.9989708,0.013428521
2024-05-06T12:00:00,0.9991499,0.0012656732
2024-05-06T13:00:00,0.9991668,0.00011935029
2024-05-06T14:00:00,0.9991684,1.1393757e-05
2024-05-06T15:00:00,0.9991686,1.0940174e-06
2024-05-06T16:00:00,0.9991686,-5.0397222e-08
2024-05-06T17:00:00,0.87894326,-0.6899521
2024-05-06T18:00:00,0.80890626,-0.3996649
2024-05-06T19:00:00,0.71732026,-0.52390355
2024-05-06T20:00:00,0.66520494,-0.2967955
2024-05-06T21:00:00,0.61799383,-0.26871744
2024-05-06T22:00:00,0.4460077,-0.9927685
2024-05-06T23:00:00,0.12014455,-1.91365
2024-05-07T00:00:00,0.0,-0.70020473
2024-05-07T01:00:00,0.0,0.0
2024-05-07T02:00:00,0.0,0.0
2024-05-07T03:00:00,0.0,0.0
2024-05-07T04:00:00,0.0,0.0
2024-05-07T05:00:00,0.0,0.0
2024-05-07T06:00:00,0.0,0.0
2024-05-07T07:00:00,0.0,0.0
2024-05-07T08:00:00,0.0,0.0
2024-05-07T09:00:00,0.0,0.0
2024-05-07T10:00:00,0.0,0.0
2024-05-07T11:00:00,0.0,0.0
2024-05-07T12:00:00,0.0,0.0
2024-05-07T13:00:00,0.0,0.0
2024-05-07T14:00:00,0.0,0.0
2024-05-07T15:00:00,0.0,0.0
2024-05-07T16:00:00,0.0,0.0
2024-05-07T17:00:00,0.0,0.0
2024-05-07T18:00:00,0.0,0.0
2024-05-07T19:00:00,0.0,0.0
2024-05-07T20:00:00,0.0,0.0
2024-05-07T21:00:00,0.0,0.0
2024-05-07T22:00:00,0.0,0.0
2024-05-07T23:00:00,0.0,0.0
2024-05-08T00:00:00,0.0,0.0
2024-05-08T01:00:00,0.0,0.0
2024-05-08T02:00:00,0.0,0.0
2024-05-08T03:00:00,0.0,0.0
2024-05-08T04:00:00,0.0,0.0
2024-05-08T05:00:00,0.0,0.0
2024-05-08T06:00:00,0.0,0.0
2024-05-08T07:00:00,0.0,0.0
2024-05-08T08:00:00,0.013140682,0.09488926
2024-05-08T09:00:00,0.00014088723,-0.074538164
2024-05-08T10:00:00,0.0,-0.000805784
2024-05-08T11:00:00,0.0,0.0
2024-05-08T12:00:00,0.0,0.0
2024-05-08T13:00:00,0.0,0.0
2024-05-08T14:00:00,0.0,0.0
2024-05-08T15:00:00,0.0,0.0
2024-05-08T16:00:00,0.0,0.0
2024-05-08T17:00:00,0.0,0.0
2024-05-08T18:00:00,0.0,0.0
2024-05-08T19:00:00,0.0,0.0
2024-05-08T20:00:00,0.0,0.0
2024-05-08T21:00:00,0.0,0.0
2024-05-08T22:00:00,0.0,0.0
2024-05-08T23:00:00,0.0,0.0
2024-05-09T00:00:00,0.0,0.0
2024-05-09T01:00:00,0.0,0.0
2024-05-09T02:00:00,0.0,0.0
2024-05-09T03:00:00,0.0,0.0
2024-05-09T04:00:00,0.0,0.0
2024-05-09T05:00:00,0.0,0.0
2024-05-09T06:00:00,0.0,0.0
2024-05-09T07:00:00,0.0,0.0
2024-05-09T08:00:00,0.0,0.0
2024-05-09T09:00:00,0.0,0.0
2024-05-09T10:00:00,0.0,0.0
2024-05-09T11:00:00,0.0,0.0
2024-05-09T12:00:00,0.0,0.0
2024-05-09T13:00:00,0.03876294,0.27889314
2024-05-09T14:00:00,0.00023684863,-0.22067618
2024-05-09T15:00:00,4.6239425e-06,-0.0013566612
2024-05-09T16:00:00,0.0,-2.6326881e-05
2024-05-09T17:00:00,0.0,0.0
2024-05-09T18:00:00,0.0,0.0
2024-05-09T19:00:00,0.0,0.0
2024-05-09T20:00:00,0.0,0.0
2024-05-09T21:00:00,0.0,0.0
2024-05-09T22:00:00,0.0,0.0
2024-05-09T23:00:00,0.0006694178,0.004842536
2024-05-10T00:00:00,0.08454457,0.599695
2024-05-10T01:00:00,0.0021536888,-0.484338
2024-05-10T02:00:00,0.008903038,0.04878185
2024-05-10T03:00:00,0.035922345,0.19472234
2024-05-10T04:00:00,0.0010677952,-0.20416582
2024-05-10T05:00:00,0.07470064,0.5272071
2024-05-10T06:00:00,0.0020203616,-0.42734104
2024-05-10T07:00:00,1.13044025e-05,-0.011879198
2024-05-10T08:00:00,0.0,-6.528396e-05
2024-05-10T09:00:00,0.0,0.0
2024-05-10T10:00:00,0.0,0.0
2024-05-10T11:00:00,0.0,0.0
2024-05-10T12:00:00,0.0,0.0
2024-05-10T13:00:00,0.0,0.0
2024-05-10T14:00:00,0.0,0.0
2024-05-10T15:00:00,0.0,0.0
2024-05-10T16:00:00,0.0,0.0
2024-05-10T17:00:00,0.0,0.0
2024-05-10T18:00:00,0.0,0.0
2024-05-10T19:00:00,0.0,0.0
2024-05-10T20:00:00,0.0,0.0
2024-05-10T21:00:00,0.0,0.0
2024-05-10T22:00:00,0.0,0.0
2024-05-10T23:00:00,0.0,0.0
2024-05-11T00:00:00,0.0,0.0
2024-05-11T01:00:00,0.0,0.0
2024-05-11T02:00:00,0.0,0.0
2024-05-11T03:00:00,0.0,0.0
2024-05-11T04:00:00,0.0,0.0
2024-05-11T05:00:00,0.0,0.0
2024-05-11T06:00:00,0.0,0.0
2024-05-11T07:00:00,0.0,0.0
2024-05-11T08:00:00,0.0,0.0
2024-05-11T09:00:00,0.0,0.0
2024-05-11T10:00:00,0.0,0.0
2024-05-11T11:00:00,0.0,0.0
2024-05-11T12:00:00,0.0,0.0
2024-05-11T13:00:00,0.0,0.0
2024-05-11T14:00:00,0.0,0.0
2024-05-11T15:00:00,0.0,0.0
2024-05-11T16:00:00,0.0,0.0
2024-05-11T17:00:00,0.0,0.0
2024-05-11T18:00:00,0.0,0.0
2024-05-11T19:00:00,0.0,0.0
2024-05-11T20:00:00,0.0,0.0
2024-05-11T21:00:00,0.0,0.0
2024-05-11T22:00:00,0.0,0.0
2024-05-11T23:00:00,0.011835459,0.085480146
2024-05-12T00:00:00,0.026911885,0.108837254
2024-05-12T01:00:00,0.0003478757,-0.15269503
2024-05-12T02:00:00,4.3824157e-06,-0.0019996564
2024-05-12T03:00:00,0.0,-2.5123754e-05
2024-05-12T04:00:00,0.0,0.0
2024-05-12T05:00:00,0.0,0.0
2024-05-12T06:00:00,0.0,0.0
2024-05-12T07:00:00,0.0,0.0
2024-05-12T08:00:00,0.0,0.0
2024-05-12T09:00:00,0.0,0.0
2024-05-12T10:00:00,0.0,0.0
2024-05-12T11:00:00,0.0,0.0
2024-05-12T12:00:00,0.0,0.0
2024-05-12T13:00:00,0.004346019,0.031422287
2024-05-12T14:00:00,5.6289195e-05,-0.024620987
2024-05-12T15:00:00,0.008285987,0.059468664
2024-05-12T16:00:00,0.00029557984,-0.04696777
2024-05-12T17:00:00,1.0354112e-06,-0.001737424
2024-05-12T18:00:00,0.0,-6.05757e-06
2024-05-12T19:00:00,0.0,0.0
2024-05-12T20:00:00,0.0,0.0
2024-05-12T21:00:00,0.0,0.0
2024-05-12T22:00:00,0.0,0.0
2024-05-12T23:00:00,0.0,0.0
2024-05-13T00:00:00,0.0,0.0
2024-05-13T01:00:00,0.0,0.0
2024-05-13T02:00:00,0.0,0.0
2024-05-13T03:00:00,0.0,0.0
2024-05-13T04:00:00,0.0,0.0
2024-05-13T05:00:00,0.0,0.0
2024-05-13T06:00:00,0.0,0.0
2024-05-13T07:00:00,0.0,0.0
2024-05-13T08:00:00,0.0,0.0
2024-05-13T09:00:00,0.0,0.0
2024-05-13T10:00:00,0.0,0.0
2024-05-13T11:00:00,0.08179736,0.5850061
2024-05-13T12:00:00,0.045103088,-0.20861028
2024-05-13T13:00:00,0.110937424,0.47187918
2024-05-13T14:00:00,0.021937128,-0.5089643
2024-05-13T15:00:00,0.00023085547,-0.12545143
2024-05-13T16:00:00,0.0,-0.0013248167
2024-05-13T17:00:00,0.0,0.0
2024-05-13T18:00:00,0.0,0.0
2024-05-13T19:00:00,0.0,0.0
2024-05-13T20:00:00,0.0,0.0
2024-05-13T21:00:00,0.0,0.0
2024-05-13T22:00:00,0.0,0.0
2024-05-13T23:00:00,0.0,0.0
2024-05-14T00:00:00,0.0,0.0
2024-05-14T01:00:00,0.0,0.0
2024-05-14T02:00:00,0.0,0.0
2024-05-14T03:00:00,0.0,0.0
2024-05-14T04:00:00,0.0,0.0
2024-05-14T05:00:00,0.0,0.0
2024-05-14T06:00:00,0.0,0.0
2024-05-14T07:00:00,0.0,0.0
2024-05-14T08:00:00,0.0,0.0
2024-05-14T09:00:00,0.11639605,0.8285388
2024-05-14T10:00:00,0.21219632,0.68384075
2024-05-14T11:00:00,0.29830468,0.61547333
2024-05-14T12:00:00,0.4231992,0.88801664
2024-05-14T13:00:00,0.51785845,0.67580086
2024-05-14T14:00:00,0.60172355,0.5996241
2024-05-14T15:00:00,0.3625494,-1.3910875
2024-05-14T16:00:00,0.10363182,-1.5092461
2024-05-14T17:00:00,0.0,-0.60201377
2024-05-14T18:00:00,0.0,0.0
2024-05-14T19:00:00,0.0,0.0
2024-05-14T20:00:00,0.012606901,0.09104176
2024-05-14T21:00:00,0.0003833659,-0.071504936
2024-05-14T22:00:00,0.0,-0.0022178327
2024-05-14T23:00:00,0.0,0.0
2024-05-15T00:00:00,0.0,0.0
2024-05-15T01:00:00,0.0,0.0
2024-05-15T02:00:00,0.0,0.0
2024-05-15T03:00:00,0.026520764,0.19114298
2024-05-15T04:00:00,0.054309253,0.20024383
2024-05-15T05:00:00,0.0007656474,-0.30870205
2024-05-15T06:00:00,1.1868439e-06,-0.0044142883
2024-05-15T07:00:00,0.0,-6.8078966e-06
2024-05-15T08:00:00,0.0,0.0
2024-05-15T09:00:00,0.21951732,1.5415945
2024-05-15T10:00:00,0.19272786,-0.15213071
2024-05-15T11:00:00,0.29430228,0.7244878
2024-05-15T12:00:00,0.34531498,0.36639795
2024-05-15T13:00:00,0.4776461,0.9399543
2024-05-15T14:00:00,0.5327126,0.39529008
2024-05-15T15:00:00,0.6254066,0.66194856
2024-05-15T16:00:00,0.7021913,0.5495351
2024-05-15T17:00:00,0.60913616,-0.5323958
2024-05-15T18:00:00,0.5592377,-0.28409952
2024-05-15T19:00:00,0.51375496,-0.2588296
2024-05-15T20:00:00,0.57583994,0.44523644
2024-05-15T21:00:00,0.675923,0.7139954
2024-05-15T22:00:00,0.5902927,-0.48950636
2024-05-15T23:00:00,0.5134341,-0.43892908
2024-05-16T00:00:00,0.37498072,-0.7961928
2024-05-16T01:00:00,0.2300341,-0.83414257
2024-05-16T02:00:00,0.0025431032,-1.3238062
2024-05-16T03:00:00,0.0,-0.014757736
2024-05-16T04:00:00,0.0,0.0
2024-05-16T05:00:00,0.0,0.0
2024-05-16T06:00:00,0.025074938,0.18075952
2024-05-16T07:00:00,0.00037105748,-0.14247495
2024-05-16T08:00:00,3.681446e-06,-0.0021400037
2024-05-16T09:00:00,0.0,-2.1141637e-05
2024-05-16T10:00:00,0.0,0.0
2024-05-16T11:00:00,0.0,0.0
2024-05-16T12:00:00,0.0,0.0
2024-05-16T13:00:00,0.0,0.0
2024-05-16T14:00:00,0.0,0.0
2024-05-16T15:00:00,0.0,0.0
2024-05-16T16:00:00,0.0,0.0
2024-05-16T17:00:00,0.0,0.0
2024-05-16T18:00:00,0.0,0.0
2024-05-16T19:00:00,0.0,0.0
2024-05-16T20:00:00,0.0,0.0
2024-05-16T21:00:00,0.0,0.0
2024-05-16T22:00:00,0.0,0.0
2024-05-16T23:00:00,0.0,0.0
2024-05-17T00:00:00,0.0,0.0
2024-05-17T01:00:00,0.0,0.0
2024-05-17T02:00:00,0.0,0.0
2024-05-17T03:00:00,0.0,0.0
2024-05-17T04:00:00,0.0,0.0
2024-05-17T05:00:00,0.0,0.0
2024-05-17T06:00:00,0.0,0.0
2024-05-17T07:00:00,0.0,0.0
2024-05-17T08:00:00,0.0,0.0
2024-05-17T09:00:00,0.0,0.0
2024-05-17T10:00:00,0.0,0.0
2024-05-17T11:00:00,0.0,0.0
2024-05-17T12:00:00,0.0,0.0
2024-05-17T13:00:00,0.0,0.0
2024-05-17T14:00:00,0.0,0.0
2024-05-17T15:00:00,0.0,0.0
2024-05-17T16:00:00,0.0,0.0
2024-05-17T17:00:00,0.0,0.0
2024-05-17T18:00:00,0.0,0.0
2024-05-17T19:00:00,0.0,0.0
2024-05-17T20:00:00,0.0,0.0
2024-05-17T21:00:00,0.0,0.0
2024-05-17T22:00:00,0.0,0.0
2024-05-17T23:00:00,0.0,0.0
2024-05-18T00:00:00,0.0,0.0
2024-05-18T01:00:00,0.26324233,1.8385866
2024-05-18T02:00:00,0.38202414,0.8452493
2024-05-18T03:00:00,0.4429311,0.43686
2024-05-18T04:00:00,0.20470852,-1.3854045
2024-05-18T05:00:00,0.023321021,-1.0481459
2024-05-18T06:00:00,0.00020383662,-0.13476029
2024-05-18T07:00:00,2.8531783e-06,-0.0011882539
2024-05-18T08:00:00,0.0,-1.6338585e-05
2024-05-18T09:00:00,0.0,0.0
2024-05-18T10:00:00,0.0,0.0
2024-05-18T11:00:00,0.0,0.0
2024-05-18T12:00:00,0.0,0.0
2024-05-18T13:00:00,0.0,0.0
2024-05-18T14:00:00,0.0,0.0
2024-05-18T15:00:00,0.0,0.0
2024-05-18T16:00:00,0.0,0.0
2024-05-18T17:00:00,0.0,0.0
2024-05-18T18:00:00,0.0,0.0
2024-05-18T19:00:00,0.0,0.0
2024-05-18T20:00:00,0.0,0.0
2024-05-18T21:00:00,0.0,0.0
2024-05-18T22:00:00,0.0,0.0
2024-05-18T23:00:00,0.0,0.0
2024-05-19T00:00:00,0.0,0.0
2024-05-19T01:00:00,0.0,0.0
2024-05-19T02:00:00,0.0,0.0
2024-05-19T03:00:00,0.0,0.0
2024-05-19T04:00:00,0.0,0.0
2024-05-19T05:00:00,0.0,0.0
2024-05-19T06:00:00,0.0,0.0
2024-05-19T07:00:00,0.0,0.0
2024-05-19T08:00:00,0.0,0.0
2024-05-19T09:00:00,0.0,0.0
2024-05-19T10:00:00,0.0,0.0
2024-05-19T11:00:00,0.0,0.0
2024-05-19T12:00:00,0.0,0.0
2024-05-19T13:00:00,0.0,0.0
2024-05-19T14:00:00,0.0,0.0
2024-05-19T15:00:00,0.0,0.0
2024-05-19T16:00:00,0.0,0.0
2024-05-19T17:00:00,0.0,0.0
2024-05-19T18:00:00,0.0,0.0
2024-05-19T19:00:00,0.0,0.0
2024-05-19T20:00:00,0.0,0.0
2024-05-19T21:00:00,0.0,0.0
2024-05-19T22:00:00,0.0,0.0
2024-05-19T23:00:00,0.0,0.0
2024-05-20T00:00:00,0.0,0.0
2024-05-20T01:00:00,0.0,0.0
2024-05-20T02:00:00,0.0,0.0
2024-05-20T03:00:00,0.0,0.0
2024-05-20T04:00:00,0.0,0.0
2024-05-20T05:00:00,0.021820942,0.1573749
2024-05-20T06:00:00,0.0006606569,-0.12392857
2024-05-20T07:00:00,0.0,-0.003771431
2024-05-20T08:00:00,0.16923662,1.1962314
2024-05-20T09:00:00,0.49390706,2.250715
2024-05-20T10:00:00,0.57041013,0.5475407
2024-05-20T11:00:00,0.71155214,1.0013599
2024-05-20T12:00:00,0.776435,0.46512094
2024-05-20T13:00:00,0.9819024,1.4252782
2024-05-20T14:00:00,0.99759,0.11027971
2024-05-20T15:00:00,0.9779059,-0.11169166
2024-05-20T16:00:00,0.87585366,-0.58446294
2024-05-20T17:00:00,0.5595695,-1.8554223
2024-05-20T18:00:00,0.20563741,-2.0849743
2024-05-20T19:00:00,0.08031409,-0.71962184
2024-05-20T20:00:00,0.0,-0.4609749
2024-05-20T21:00:00,0.0,0.0
2024-05-20T22:00:00,0.0,0.0
2024-05-20T23:00:00,0.0,0.0
2024-05-21T00:00:00,0.0,0.0
2024-05-21T01:00:00,0.0016657105,0.012047943
2024-05-21T02:00:00,4.1208834e-05,-0.009432918
2024-05-21T03:00:00,0.0,-0.00023875067
2024-05-21T04:00:00,0.0,0.0
2024-05-21T05:00:00,0.0,0.0
2024-05-21T06:00:00,0.0,0.0
2024-05-21T07:00:00,0.0,0.0
2024-05-21T08:00:00,0.0,0.0
2024-05-21T09:00:00,0.013558937,0.09790365
2024-05-21T10:00:00,0.00016762284,-0.076915234
2024-05-21T11:00:00,0.0,-0.0009512009
2024-05-21T12:00:00,0.04551168,0.3271389
2024-05-21T13:00:00,0.27835625,1.6324459
2024-05-21T14:00:00,0.2516057,-0.15190923
2024-05-21T15:00:00,0.076138824,-1.0132577
2024-05-21T16:00:00,0.0006039736,-0.43967423
2024-05-21T17:00:00,0.0,-0.0034828926
2024-05-21T18:00:00,0.0,0.0
2024-05-21T19:00:00,0.08488993,0.606866
2024-05-21T20:00:00,0.17558785,0.6478706
2024-05-21T21:00:00,0.13184693,-0.24886853
2024-05-21T22:00:00,0.0017019267,-0.7501569
2024-05-21T23:00:00,0.0,-0.009804128
2024-05-22T00:00:00,0.017671492,0.12752393
2024-05-22T01:00:00,0.00058821234,-0.10030318
2024-05-22T02:00:00,3.4977952e-06,-0.0034536442
2024-05-22T03:00:00,0.116165236,0.826897
2024-05-22T04:00:00,0.0016419658,-0.66841745
2024-05-22T05:00:00,1.7168855e-05,-0.009583368
2024-05-22T06:00:00,0.0,-0.000100900776
2024-05-22T07:00:00,0.0,0.0
2024-05-22T08:00:00,0.0,0.0
2024-05-22T09:00:00,0.0,0.0
2024-05-22T10:00:00,0.0,0.0
2024-05-22T11:00:00,0.0,0.0
2024-05-22T12:00:00,0.0,0.0
2024-05-22T13:00:00,0.0,0.0
2024-05-22T14:00:00,0.0,0.0
2024-05-22T15:00:00,0.057447135,0.41224277
2024-05-22T16:00:00,0.03798617,-0.11042282
2024-05-22T17:00:00,0.0013301871,-0.21553607
2024-05-22T18:00:00,0.0,-0.007782781
2024-05-22T19:00:00,0.0,0.0
2024-05-22T20:00:00,0.0,0.0
2024-05-22T21:00:00,0.0,0.0
2024-05-22T22:00:00,0.0,0.0
2024-05-22T23:00:00,0.0,0.0
2024-05-23T00:00:00,0.0,0.0
2024-05-23T01:00:00,0.0,0.0
2024-05-23T02:00:00,0.0,0.0
2024-05-23T03:00:00,0.0,0.0
2024-05-23T04:00:00,0.0,0.0
2024-05-23T05:00:00,0.0,0.0
2024-05-23T06:00:00,0.0,0.0
2024-05-23T07:00:00,0.0,0.0
2024-05-23T08:00:00,0.0,0.0
2024-05-23T09:00:00,0.0,0.0
2024-05-23T10:00:00,0.0,0.0
2024-05-23T11:00:00,0.0,0.0
2024-05-23T12:00:00,0.0,0.0
2024-05-23T13:00:00,0.0,0.0
2024-05-23T14:00:00,0.0,0.0
2024-05-23T15:00:00,0.0,0.0
2024-05-23T16:00:00,0.0,0.0
2024-05-23T17:00:00,0.0,0.0
2024-05-23T18:00:00,0.0,0.0
2024-05-23T19:00:00,0.0,0.0
2024-05-23T20:00:00,0.0,0.0
2024-05-23T21:00:00,0.0,0.0
2024-05-23T22:00:00,0.0,0.0
2024-05-23T23:00:00,0.0,0.0
2024-05-24T00:00:00,0.0,0.0
2024-05-24T01:00:00,0.0,0.0
2024-05-24T02:00:00,0.0,0.0
2024-05-24T03:00:00,0.0,0.0
2024-05-24T04:00:00,0.0,0.0
2024-05-24T05:00:00,0.0,0.0
2024-05-24T06:00:00,0.0,0.0
2024-05-24T07:00:00,0.0,0.0
2024-05-24T08:00:00,0.0,0.0
2024-05-24T09:00:00,0.0,0.0
2024-05-24T10:00:00,0.0,0.0
2024-05-24T11:00:00,0.0,0.0
2024-05-24T12:00:00,0.0,0.0
2024-05-24T13:00:00,0.0,0.0
2024-05-24T14:00:00,0.0,0.0
2024-05-24T15:00:00,0.058720306,0.4213044
2024-05-24T16:00:00,0.099604964,0.2940708
2024-05-24T17:00:00,0.0024326977,-0.56721723
2024-05-24T18:00:00,1.40782395e-05,-0.0142002255
2024-05-24T19:00:00,7.425258e-08,-8.265631e-05
2024-05-24T20:00:00,3.0004133e-10,-4.382641e-07
2024-05-24T21:00:00,0.0,-1.7437282e-09
2024-05-24T22:00:00,0.0,0.0
2024-05-24T23:00:00,0.0,0.0
2024-05-25T00:00:00,0.0,0.0
2024-05-25T01:00:00,0.0,0.0
2024-05-25T02:00:00,0.0,0.0
2024-05-25T03:00:00,0.0,0.0
2024-05-25T04:00:00,0.0,0.0
2024-05-25T05:00:00,0.0,0.0
2024-05-25T06:00:00,0.0,0.0
2024-05-25T07:00:00,0.0,0.0
2024-05-25T08:00:00,0.0,0.0
2024-05-25T09:00:00,0.0,0.0
2024-05-25T10:00:00,0.0,0.0
2024-05-25T11:00:00,0.0,0.0
2024-05-25T12:00:00,0.0,0.0
2024-05-25T13:00:00,0.0,0.0
2024-05-25T14:00:00,0.0,0.0
2024-05-25T15:00:00,0.0,0.0
2024-05-25T16:00:00,0.0,0.0
2024-05-25T17:00:00,0.0,0.0
2024-05-25T18:00:00,0.0,0.0
2024-05-25T19:00:00,0.0,0.0
2024-05-25T20:00:00,0.0,0.0
2024-05-25T21:00:00,0.0,0.0
2024-05-25T22:00:00,0.0,0.0
2024-05-25T23:00:00,0.0,0.0
2024-05-26T00:00:00,0.0,0.0
2024-05-26T01:00:00,0.0,0.0
2024-05-26T02:00:00,0.0,0.0
2024-05-26T03:00:00,0.0,0.0
2024-05-26T04:00:00,0.0,0.0
2024-05-26T05:00:00,0.0,0.0
2024-05-26T06:00:00,0.0,0.0
2024-05-26T07:00:00,0.0,0.0
2024-05-26T08:00:00,0.0,0.0
2024-05-26T09:00:00,0.0,0.0
2024-05-26T10:00:00,0.0,0.0
2024-05-26T11:00:00,0.0,0.0
2024-05-26T12:00:00,0.0,0.0
2024-05-26T13:00:00,0.1444855,1.0246252
2024-05-26T14:00:00,0.12271314,-0.123570025
2024-05-26T15:00:00,0.014606957,-0.6195564
2024-05-26T16:00:00,0.00048335016,-0.08371246
2024-05-26T17:00:00,0.0,-0.0028025096
2024-05-26T18:00:00,0.0,0.0
2024-05-26T19:00:00,0.0,0.0
2024-05-26T20:00:00,0.0,0.0
2024-05-26T21:00:00,0.0,0.0
2024-05-26T22:00:00,0.0,0.0
2024-05-26T23:00:00,0.0,0.0
2024-05-27T00:00:00,0.19369714,1.3647671
2024-05-27T01:00:00,0.06214122,-0.7559406
2024-05-27T02:00:00,0.04532799,-0.09537095
2024-05-27T03:00:00,0.0013415347,-0.25711736
2024-05-27T04:00:00,6.7933433e-06,-0.007841774
2024-05-27T05:00:00,2.481721e-08,-3.9911753e-05
2024-05-27T06:00:00,0.0,-1.4610943e-07
2024-05-27T07:00:00,0.0,0.0
2024-05-27T08:00:00,0.0,0.0
2024-05-27T09:00:00,0.0,0.0
2024-05-27T10:00:00,0.0,0.0
2024-05-27T11:00:00,0.0,0.0
2024-05-27T12:00:00,0.0,0.0
2024-05-27T13:00:00,0.0,0.0
2024-05-27T14:00:00,0.0,0.0
2024-05-27T15:00:00,0.0,0.0
2024-05-27T16:00:00,0.0,0.0
2024-05-27T17:00:00,0.0,0.0
2024-05-27T18:00:00,0.0,0.0
2024-05-27T19:00:00,0.0,0.0
2024-05-27T20:00:00,0.0,0.0
2024-05-27T21:00:00,0.0,0.0
2024-05-27T22:00:00,0.0,0.0
2024-05-27T23:00:00,0.0,0.0
2024-05-28T00:00:00,0.0,0.0
2024-05-28T01:00:00,0.0,0.0
2024-05-28T02:00:00,0.0,0.0
2024-05-28T03:00:00,0.0,0.0
2024-05-28T04:00:00,0.0,0.0
2024-05-28T05:00:00,0.0,0.0
2024-05-28T06:00:00,0.0,0.0
2024-05-28T07:00:00,0.0,0.0
2024-05-28T08:00:00,0.0,0.0
2024-05-28T09:00:00,0.081026144,0.57955194
2024-05-28T10:00:00,0.054041374,-0.1532432
2024-05-28T11:00:00,0.0305387,-0.13341646
2024-05-28T12:00:00,0.08867872,0.41717467
2024-05-28T13:00:00,0.35286063,1.8449347
2024-05-28T14:00:00,0.42212147,0.49620363
2024-05-28T15:00:00,0.33525407,-0.49664763
2024-05-28T16:00:00,0.14541113,-1.0980506
2024-05-28T17:00:00,0.0024890178,-0.84105724
2024-05-28T18:00:00,0.0,-0.014583993
2024-05-28T19:00:00,0.08072417,0.577416
2024-05-28T20:00:00,0.14827392,0.4840596
2024-05-28T21:00:00,0.069509745,-0.4499082
2024-05-28T22:00:00,0.0022517804,-0.39704603
2024-05-28T23:00:00,0.0,-0.013202863
2024-05-29T00:00:00,0.008950929,0.06467367
2024-05-29T01:00:00,0.00025597098,-0.050742127
2024-05-29T02:00:00,0.0,-0.0014629345
2024-05-29T03:00:00,0.0,0.0
2024-05-29T04:00:00,0.0,0.0
2024-05-29T05:00:00,0.0,0.0
2024-05-29T06:00:00,0.0,0.0
2024-05-29T07:00:00,0.0,0.0
2024-05-29T08:00:00,0.10153602,0.72421753
2024-05-29T09:00:00,0.34955755,1.7355537
2024-05-29T10:00:00,0.29441714,-0.31413016
2024-05-29T11:00:00,0.3115225,0.123448566
2024-05-29T12:00:00,0.51794183,1.4520197
2024-05-29T13:00:00,0.7731991,1.78458
2024-05-29T14:00:00,0.9620805,1.3316678
2024-05-29T15:00:00,0.9958148,0.23696174
2024-05-29T16:00:00,0.8991468,-0.5532912
2024-05-29T17:00:00,0.6039495,-1.7276698
2024-05-29T18:00:00,0.46509525,-0.79853386
2024-05-29T19:00:00,0.46174452,-0.018977894
2024-05-29T20:00:00,0.38160777,-0.45781928
2024-05-29T21:00:00,0.38792348,0.045650557
2024-05-29T22:00:00,0.31881803,-0.39430755
2024-05-29T23:00:00,0.1494822,-0.97717834
2024-05-30T00:00:00,0.0003386184,-0.86261004
2024-05-30T01:00:00,4.6305227e-06,-0.0019584862
2024-05-30T02:00:00,0.0,-2.705654e-05
2024-05-30T03:00:00,0.0,0.0
2024-05-30T04:00:00,0.0,0.0
2024-05-30T05:00:00,0.0,0.0
2024-05-30T06:00:00,0.0,0.0
2024-05-30T07:00:00,0.0,0.0
2024-05-30T08:00:00,0.0,0.0
2024-05-30T09:00:00,0.00047736397,0.0034533232
2024-05-30T10:00:00,1.202466e-05,-0.0027028501
2024-05-30T11:00:00,0.0,-6.834686e-05
2024-05-30T12:00:00,0.0,0.0
2024-05-30T13:00:00,0.0,0.0
2024-05-30T14:00:00,0.0,0.0
2024-05-30T15:00:00,0.0,0.0
2024-05-30T16:00:00,0.0,0.0
2024-05-30T17:00:00,0.0,0.0
2024-05-30T18:00:00,0.0,0.0
2024-05-30T19:00:00,0.0,0.0
2024-05-30T20:00:00,0.0,0.0
2024-05-30T21:00:00,0.0,0.0
2024-05-30T22:00:00,0.0,0.0
2024-05-30T23:00:00,0.0,0.0
2024-05-31T00:00:00,0.0,0.0
2024-05-31T01:00:00,0.0,0.0
2024-05-31T02:00:00,0.04549752,0.32703775
2024-05-31T03:00:00,0.0015779439,-0.2592612
2024-05-31T04:00:00,7.573173e-06,-0.009314744
2024-05-31T05:00:00,1.9071267e-09,-4.492071e-05
2024-05-31T06:00:00,0.0,-1.130292e-08
2024-05-31T07:00:00,0.0,0.0
2024-05-31T08:00:00,0.0,0.0
2024-05-31T09:00:00,0.0,0.0
2024-05-31T10:00:00,0.0,0.0
2024-05-31T11:00:00,0.0,0.0
2024-05-31T12:00:00,0.0,0.0
2024-05-31T13:00:00,0.0,0.0
2024-05-31T14:00:00,0.0,0.0
2024-05-31T15:00:00,0.0,0.0
2024-05-31T16:00:00,0.0,0.0
2024-05-31T17:00:00,0.0,0.0
2024-05-31T18:00:00,0.0,0.0
2024-05-31T19:00:00,0.0,0.0
2024-05-31T20:00:00,0.0,0.0
2024-05-31T21:00:00,0.0,0.0
2024-05-31T22:00:00,0.0,0.0
2024-05-31T23:00:00,0.0,0.0
2024-06-01T00:00:00,0.0,0.0
2024-06-01T01:00:00,0.059254747,0.42510724
2024-06-01T02:00:00,0.0015730112,-0.33830446
2024-06-01T03:00:00,0.0,-0.00920383
2024-06-01T04:00:00,0.0,0.0
2024-06-01T05:00:00,0.0,0.0
2024-06-01T06:00:00,0.0,0.0
2024-06-01T07:00:00,0.0,0.0
2024-06-01T08:00:00,0.0,0.0
2024-06-01T09:00:00,0.0,0.0
2024-06-01T10:00:00,0.0,0.0
2024-06-01T11:00:00,0.0,0.0
2024-06-01T12:00:00,0.0,0.0
2024-06-01T13:00:00,0.0,0.0
2024-06-01T14:00:00,0.0,0.0
2024-06-01T15:00:00,0.0,0.0
2024-06-01T16:00:00,0.0,0.0
2024-06-01T17:00:00,0.0,0.0
2024-06-01T18:00:00,0.0,0.0
2024-06-01T19:00:00,0.0,0.0
2024-06-01T20:00:00,0.0,0.0
2024-06-01T21:00:00,0.0,0.0
2024-06-01T22:00:00,0.0,0.0
2024-06-01T23:00:00,0.0,0.0
2024-06-02T00:00:00,0.0,0.0
2024-06-02T01:00:00,0.0,0.0
2024-06-02T02:00:00,0.0,0.0
2024-06-02T03:00:00,0.0,0.0
2024-06-02T04:00:00,0.0,0.0
2024-06-02T05:00:00,0.0,0.0
2024-06-02T06:00:00,0.0,0.0
2024-06-02T07:00:00,0.08812974,0.6297471
2024-06-02T08:00:00,0.38167223,2.0426037
2024-06-02T09:00:00,0.7032398,2.2300365
2024-06-02T10:00:00,0.976997,1.8934803
2024-06-02T11:00:00,0.9971445,0.1414246
2024-06-02T12:00:00,0.9989106,0.012479867
2024-06-02T13:00:00,0.99907714,0.0011768561
2024-06-02T14:00:00,0.9990929,0.000111023845
2024-06-02T15:00:00,0.9990943,1.0315282e-05
2024-06-02T16:00:00,0.9990945,1.1599576e-06
2024-06-02T17:00:00,0.79036427,-1.209865
2024-06-02T18:00:00,0.37364748,-2.472001
2024-06-02T19:00:00,0.0,-2.2120414
2024-06-02T20:00:00,0.0,0.0
2024-06-02T21:00:00,0.0,0.0
2024-06-02T22:00:00,0.0,0.0
2024-06-02T23:00:00,0.08360022,0.59775186
2024-06-03T00:00:00,0.0020485856,-0.47890994
2024-06-03T01:00:00,0.0,-0.011748977
2024-06-03T02:00:00,0.0,0.0
2024-06-03T03:00:00,0.09987664,0.71254265
2024-06-03T04:00:00,0.0026335563,-0.5734254
2024-06-03T05:00:00,0.0,-0.015505813
2024-06-03T06:00:00,0.0,0.0
2024-06-03T07:00:00,0.0,0.0
2024-06-03T08:00:00,0.0,0.0
2024-06-03T09:00:00,0.0,0.0
2024-06-03T10:00:00,0.0,0.0
2024-06-03T11:00:00,0.0,0.0
2024-06-03T12:00:00,0.0,0.0
2024-06-03T13:00:00,0.0,0.0
2024-06-03T14:00:00,0.0,0.0
2024-06-03T15:00:00,0.0,0.0
2024-06-03T16:00:00,0.0,0.0
2024-06-03T17:00:00,0.0,0.0
2024-06-03T18:00:00,0.0,0.0
2024-06-03T19:00:00,0.0,0.0
2024-06-03T20:00:00,0.0,0.0
2024-06-03T21:00:00,0.0,0.0
2024-06-03T22:00:00,0.0,0.0
2024-06-03T23:00:00,0.0,0.0
2024-06-04T00:00:00,0.0,0.0
2024-06-04T01:00:00,0.0,0.0
2024-06-04T02:00:00,0.0,0.0
2024-06-04T03:00:00,0.0,0.0
2024-06-04T04:00:00,0.0,0.0
2024-06-04T05:00:00,0.0,0.0
2024-06-04T06:00:00,0.0,0.0
2024-06-04T07:00:00,0.0,0.0
2024-06-04T08:00:00,0.0,0.0
2024-06-04T09:00:00,0.0,0.0
2024-06-04T10:00:00,0.0,0.0
2024-06-04T11:00:00,0.0,0.0
2024-06-04T12:00:00,0.0,0.0
2024-06-04T13:00:00,0.0,0.0
2024-06-04T14:00:00,0.0,0.0
2024-06-04T15:00:00,0.0,0.0
2024-06-04T16:00:00,0.0,0.0
2024-06-04T17:00:00,0.0,0.0
2024-06-04T18:00:00,0.0,0.0
2024-06-04T19:00:00,0.0,0.0
2024-06-04T20:00:00,0.046578053,0.33475396
2024-06-04T21:00:00,0.0062482785,-0.22937232
2024-06-04T22:00:00,5.5970315e-05,-0.035536576
2024-06-04T23:00:00,3.3373155e-07,-0.00032120387
2024-06-05T00:00:00,0.05310415,0.38130593
2024-06-05T01:00:00,0.0009989236,-0.3029288
2024-06-05T02:00:00,1.6278618e-05,-0.005807531
2024-06-05T03:00:00,2.8145768e-09,-9.6208285e-05
2024-06-05T04:00:00,0.0,-1.6433754e-08
2024-06-05T05:00:00,0.0,0.0
2024-06-05T06:00:00,0.0,0.0
2024-06-05T07:00:00,0.0,0.0
2024-06-05T08:00:00,0.0,0.0
2024-06-05T09:00:00,0.0,0.0
2024-06-05T10:00:00,0.0,0.0
2024-06-05T11:00:00,0.0,0.0
2024-06-05T12:00:00,0.0,0.0
2024-06-05T13:00:00,0.0,0.0
2024-06-05T14:00:00,0.0,0.0
2024-06-05T15:00:00,0.0,0.0
2024-06-05T16:00:00,0.0,0.0
2024-06-05T17:00:00,0.0,0.0
2024-06-05T18:00:00,0.0,0.0
2024-06-05T19:00:00,0.0,0.0
2024-06-05T20:00:00,0.0,0.0
2024-06-05T21:00:00,0.0,0.0
2024-06-05T22:00:00,0.0,0.0
2024-06-05T23:00:00,0.0,0.0
2024-06-06T00:00:00,0.0,0.0
2024-06-06T01:00:00,0.0,0.0
2024-06-06T02:00:00,0.0,0.0
2024-06-06T03:00:00,0.0,0.0
2024-06-06T04:00:00,0.0,0.0
2024-06-06T05:00:00,0.0,0.0
2024-06-06T06:00:00,0.0,0.0
2024-06-06T07:00:00,0.0,0.0
2024-06-06T08:00:00,0.0,0.0
2024-06-06T09:00:00,0.0,0.0
2024-06-06T10:00:00,0.0,0.0
2024-06-06T11:00:00,0.0,0.0
2024-06-06T12:00:00,0.0,0.0
2024-06-06T13:00:00,0.0,0.0
2024-06-06T14:00:00,0.0,0.0
2024-06-06T15:00:00,0.0,0.0
2024-06-06T16:00:00,0.0,0.0
2024-06-06T17:00:00,0.0,0.0
2024-06-06T18:00:00,0.0,0.0
2024-06-06T19:00:00,0.0,0.0
2024-06-06T20:00:00,0.0,0.0
2024-06-06T21:00:00,0.0,0.0
2024-06-06T22:00:00,0.008915816,0.0644203
2024-06-06T23:00:00,0.00016679183,-0.050542824
2024-06-07T00:00:00,0.0,-0.00096008193
2024-06-07T01:00:00,0.0,0.0
2024-06-07T02:00:00,0.0,0.0
2024-06-07T03:00:00,0.0,0.0
2024-06-07T04:00:00,0.0,0.0
2024-06-07T05:00:00,0.0,0.0
2024-06-07T06:00:00,0.0,0.0
2024-06-07T07:00:00,0.0,0.0
2024-06-07T08:00:00,0.0,0.0
2024-06-07T09:00:00,0.0,0.0
2024-06-07T10:00:00,0.0,0.0
2024-06-07T11:00:00,0.0,0.0
2024-06-07T12:00:00,0.0,0.0
2024-06-07T13:00:00,0.0,0.0
2024-06-07T14:00:00,0.0,0.0
2024-06-07T15:00:00,0.0,0.0
2024-06-07T16:00:00,0.0,0.0
2024-06-07T17:00:00,0.0,0.0
2024-06-07T18:00:00,0.0,0.0
2024-06-07T19:00:00,0.0,0.0
2024-06-07T20:00:00,0.0,0.0
2024-06-07T21:00:00,0.0,0.0
2024-06-07T22:00:00,0.0,0.0
2024-06-07T23:00:00,0.0,0.0
2024-06-08T00:00:00,0.0,0.0
2024-06-08T01:00:00,0.0,0.0
2024-06-08T02:00:00,0.0,0.0
2024-06-08T03:00:00,0.0,0.0
2024-06-08T04:00:00,0.0,0.0
2024-06-08T05:00:00,0.0,0.0
2024-06-08T06:00:00,0.0,0.0
2024-06-08T07:00:00,0.04559543,0.32773703
2024-06-08T08:00:00,0.053794812,0.059249863
2024-06-08T09:00:00,0.0012981157,-0.30492583
2024-06-08T10:00:00,1.4444186e-05,-0.0075400746
2024-06-08T11:00:00,0.0,-8.330241e-05
2024-06-08T12:00:00,0.0,0.0
2024-06-08T13:00:00,0.0,0.0
2024-06-08T14:00:00,0.0,0.0
2024-06-08T15:00:00,0.0,0.0
2024-06-08T16:00:00,0.0,0.0
2024-06-08T17:00:00,0.0,0.0
2024-06-08T18:00:00,0.0,0.0
2024-06-08T19:00:00,0.0,0.0
2024-06-08T20:00:00,0.0,0.0
2024-06-08T21:00:00,0.0,0.0
2024-06-08T22:00:00,0.0,0.0
2024-06-08T23:00:00,0.0,0.0
2024-06-09T00:00:00,0.0,0.0
2024-06-09T01:00:00,0.0,0.0
2024-06-09T02:00:00,0.0,0.0
2024-06-09T03:00:00,0.0,0.0
2024-06-09T04:00:00,0.0,0.0
2024-06-09T05:00:00,0.0,0.0
2024-06-09T06:00:00,0.0,0.0
2024-06-09T07:00:00,0.0,0.0
2024-06-09T08:00:00,0.0,0.0
2024-06-09T09:00:00,0.0,0.0
2024-06-09T10:00:00,0.0,0.0
2024-06-09T11:00:00,0.2362098,1.6553407
2024-06-09T12:00:00,0.5931187,2.4647126
2024-06-09T13:00:00,0.9521433,2.4787025
2024-06-09T14:00:00,0.99525493,0.30040252
2024-06-09T15:00:00,0.99870574,0.02448663
2024-06-09T16:00:00,0.9990456,0.002401317
2024-06-09T17:00:00,0.9990776,0.00022616462
2024-06-09T18:00:00,0.9990806,2.1314245e-05
2024-06-09T19:00:00,0.9990809,2.2406523e-06
2024-06-09T20:00:00,0.99908096,3.332924e-07
2024-06-09T21:00:00,0.7903139,-1.2100832
2024-06-09T22:00:00,0.4911785,-1.7514837
2024-06-09T23:00:00,0.1495859,-2.0095289
2024-06-10T00:00:00,0.0,-0.8678532
2024-06-10T01:00:00,0.0,0.0
2024-06-10T02:00:00,0.0,0.0
2024-06-10T03:00:00,0.0,0.0
2024-06-10T04:00:00,0.0,0.0
2024-06-10T05:00:00,0.0,0.0
2024-06-10T06:00:00,0.0,0.0
2024-06-10T07:00:00,0.0,0.0
2024-06-10T08:00:00,0.0,0.0
2024-06-10T09:00:00,0.0,0.0
2024-06-10T10:00:00,0.0,0.0
2024-06-10T11:00:00,0.0,0.0
2024-06-10T12:00:00,0.0,0.0
2024-06-10T13:00:00,0.0,0.0
2024-06-10T14:00:00,0.0,0.0
2024-06-10T15:00:00,0.0,0.0
2024-06-10T16:00:00,0.0,0.0
2024-06-10T17:00:00,0.0,0.0
2024-06-10T18:00:00,0.0,0.0
2024-06-10T19:00:00,0.0,0.0
2024-06-10T20:00:00,0.0,0.0
2024-06-10T21:00:00,0.0,0.0
2024-06-10T22:00:00,0.0,0.0
2024-06-10T23:00:00,0.0,0.0
2024-06-11T00:00:00,0.0,0.0
2024-06-11T01:00:00,0.0,0.0
2024-06-11T02:00:00,0.0,0.0
2024-06-11T03:00:00,0.0,0.0
2024-06-11T04:00:00,0.0,0.0
2024-06-11T05:00:00,0.0,0.0
2024-06-11T06:00:00,0.0,0.0
2024-06-11T07:00:00,0.00016864152,0.0012200325
2024-06-11T08:00:00,2.8708553e-06,-0.00095481134
2024-06-11T09:00:00,5.35123e-08,-1.6535647e-05
2024-06-11T10:00:00,1.7181206e-10,-3.1407623e-07
2024-06-11T11:00:00,0.0,-1.0094088e-09
2024-06-11T12:00:00,0.0,0.0
2024-06-11T13:00:00,0.0,0.0
2024-06-11T14:00:00,0.0,0.0
2024-06-11T15:00:00,0.0,0.0
2024-06-11T16:00:00,0.0,0.0
2024-06-11T17:00:00,0.0066750282,0.0482452
2024-06-11T18:00:00,8.110685e-05,-0.037827883
2024-06-11T19:00:00,6.9337386e-07,-0.00046529225
2024-06-11T20:00:00,1.4671845e-08,-4.0120326e-06
2024-06-11T21:00:00,0.0,-8.5112895e-08
2024-06-11T22:00:00,0.0,0.0
2024-06-11T23:00:00,0.0,0.0
2024-06-12T00:00:00,0.0,0.0
2024-06-12T01:00:00,0.0,0.0
2024-06-12T02:00:00,0.0,0.0
2024-06-12T03:00:00,0.0,0.0
2024-06-12T04:00:00,0.0,0.0
2024-06-12T05:00:00,0.0,0.0
2024-06-12T06:00:00,0.0,0.0
2024-06-12T07:00:00,0.0,0.0
2024-06-12T08:00:00,0.0,0.0
2024-06-12T09:00:00,0.0,0.0
2024-06-12T10:00:00,0.0,0.0
2024-06-12T11:00:00,0.0,0.0
2024-06-12T12:00:00,0.0,0.0
2024-06-12T13:00:00,0.0,0.0
2024-06-12T14:00:00,0.0,0.0
2024-06-12T15:00:00,0.0,0.0
2024-06-12T16:00:00,0.0,0.0
2024-06-12T17:00:00,0.0,0.0
2024-06-12T18:00:00,0.0,0.0
2024-06-12T19:00:00,0.0,0.0
2024-06-12T20:00:00,0.0,0.0
2024-06-12T21:00:00,0.0,0.0
2024-06-12T22:00:00,0.0,0.0
2024-06-12T23:00:00,0.0,0.0
2024-06-13T00:00:00,0.0,0.0
2024-06-13T01:00:00,0.14802259,1.0492156
2024-06-13T02:00:00,0.00021006467,-0.85536456
2024-06-13T03:00:00,1.2939691e-06,-0.0012156066
2024-06-13T04:00:00,2.1641773e-08,-7.5343783e-06
2024-06-13T05:00:00,0.0,-1.2617943e-07
2024-06-13T06:00:00,0.03852242,0.27717203
2024-06-13T07:00:00,0.000823479,-0.2192995
2024-06-13T08:00:00,0.0,-0.0047033257
2024-06-13T09:00:00,0.0,0.0
2024-06-13T10:00:00,0.0,0.0
2024-06-13T11:00:00,0.0,0.0
2024-06-13T12:00:00,0.0,0.0
2024-06-13T13:00:00,0.0,0.0
2024-06-13T14:00:00,0.0,0.0
2024-06-13T15:00:00,0.0,0.0
2024-06-13T16:00:00,0.0,0.0
2024-06-13T17:00:00,0.0,0.0
2024-06-13T18:00:00,0.0,0.0
2024-06-13T19:00:00,0.0,0.0
2024-06-13T20:00:00,0.0,0.0
2024-06-13T21:00:00,0.0,0.0
2024-06-13T22:00:00,0.0,0.0
2024-06-13T23:00:00,0.0,0.0
2024-06-14T00:00:00,0.0,0.0
2024-06-14T01:00:00,0.0,0.0
2024-06-14T02:00:00,0.0,0.0
2024-06-14T03:00:00,0.0,0.0
2024-06-14T04:00:00,0.011398033,0.08232605
2024-06-14T05:00:00,0.033277694,0.1577971
2024-06-14T06:00:00,0.00036274953,-0.18899694
2024-06-14T07:00:00,8.131665e-06,-0.0020829004
2024-06-14T08:00:00,3.3614278e-08,-4.7762536e-05
2024-06-14T09:00:00,0.0,-1.9625946e-07
2024-06-14T10:00:00,0.0,0.0
2024-06-14T11:00:00,0.0,0.0
2024-06-14T12:00:00,0.0,0.0
2024-06-14T13:00:00,0.0,0.0
2024-06-14T14:00:00,0.0,0.0
2024-06-14T15:00:00,0.0,0.0
2024-06-14T16:00:00,0.0,0.0
2024-06-14T17:00:00,0.0,0.0
2024-06-14T18:00:00,0.0,0.0
2024-06-14T19:00:00,0.0,0.0
2024-06-14T20:00:00,0.0,0.0
2024-06-14T21:00:00,0.2987548,2.077555
2024-06-14T22:00:00,0.36232138,0.45576793
2024-06-14T23:00:00,0.124022424,-1.3858606
2024-06-15T00:00:00,0.0005058092,-0.7212696
2024-06-15T01:00:00,0.0,-0.0028946006
2024-06-15T02:00:00,0.0,0.0
2024-06-15T03:00:00,0.0,0.0
2024-06-15T04:00:00,0.0,0.0
2024-06-15T05:00:00,0.0,0.0
2024-06-15T06:00:00,0.0,0.0
2024-06-15T07:00:00,0.0,0.0
2024-06-15T08:00:00,0.0,0.0
2024-06-15T09:00:00,0.0,0.0
2024-06-15T10:00:00,0.0,0.0
2024-06-15T11:00:00,0.18223023,1.285888
2024-06-15T12:00:00,0.4521196,1.883466
2024-06-15T13:00:00,0.67190677,1.5434371
2024-06-15T14:00:00,0.9738997,2.0938241
2024-06-15T15:00:00,0.74600226,-1.323818
2024-06-15T16:00:00,0.7036591,-0.24087796
2024-06-15T17:00:00,0.5412145,-0.93668437
2024-06-15T18:00:00,0.24065113,-1.760124
2024-06-15T19:00:00,0.0,-1.406172
2024-06-15T20:00:00,0.0,0.0
2024-06-15T21:00:00,0.0,0.0
2024-06-15T22:00:00,0.0,0.0
2024-06-15T23:00:00,0.0,0.0
2024-06-16T00:00:00,0.0,0.0
2024-06-16T01:00:00,0.0,0.0
2024-06-16T02:00:00,0.019706687,0.14216943
2024-06-16T03:00:00,0.0051298137,-0.08266467
2024-06-16T04:00:00,9.746862e-05,-0.029090898
2024-06-16T05:00:00,1.589158e-06,-0.000563445
2024-06-16T06:00:00,6.320733e-10,-9.338843e-06
2024-06-16T07:00:00,0.0,-3.6586418e-09
2024-06-16T08:00:00,0.0,0.0
2024-06-16T09:00:00,0.0,0.0
2024-06-16T10:00:00,0.013742492,0.09922642
2024-06-16T11:00:00,2.2400838e-05,-0.07795852
2024-06-16T12:00:00,0.12823716,0.91121787
2024-06-16T13:00:00,0.45342502,2.254162
2024-06-16T14:00:00,0.76739556,2.1793456
2024-06-16T15:00:00,0.961499,1.3675575
2024-06-16T16:00:00,0.9958655,0.24035934
2024-06-16T17:00:00,0.99874645,0.020412223
2024-06-16T18:00:00,0.9990255,0.0019741633
2024-06-16T19:00:00,0.99905217,0.00018811216
2024-06-16T20:00:00,0.9990547,1.7594253e-05
2024-06-16T21:00:00,0.9990549,1.5724362e-06
2024-06-16T22:00:00,0.82447827,-1.0080162
2024-06-16T23:00:00,0.51834667,-1.7938406
2024-06-17T00:00:00,0.18362744,-1.9675918
2024-06-17T01:00:00,0.30577666,0.8688177
2024-06-17T02:00:00,0.11095475,-1.1274809
2024-06-17T03:00:00,0.0013291246,-0.64212155
2024-06-17T04:00:00,0.0,-0.0076309564
2024-06-17T05:00:00,0.0,0.0
2024-06-17T06:00:00,0.0,0.0
2024-06-17T07:00:00,0.0,0.0
2024-06-17T08:00:00,0.0,0.0
2024-06-17T09:00:00,0.0,0.0
2024-06-17T10:00:00,0.0,0.0
2024-06-17T11:00:00,0.2731082,1.905174
2024-06-17T12:00:00,0.63386077,2.490124
2024-06-17T13:00:00,0.9721378,2.3371835
2024-06-17T14:00:00,0.99670494,0.17219868
2024-06-17T15:00:00,0.99882466,0.014968203
2024-06-17T16:00:00,0.9990231,0.0014019202
2024-06-17T17:00:00,0.99904174,0.00013200047
2024-06-17T18:00:00,0.9990435,1.2599786e-05
2024-06-17T19:00:00,0.9990437,1.1556314e-06
2024-06-17T20:00:00,0.9990437,1.1216401e-08
2024-06-17T21:00:00,0.82398516,-1.0108534
2024-06-17T22:00:00,0.8688864,0.32277894
2024-06-17T23:00:00,0.8183984,-0.28747502
2024-06-18T00:00:00,0.48064438,-1.9861006
2024-06-18T01:00:00,0.26020607,-1.2794139
2024-06-18T02:00:00,0.27250442,0.08881743
2024-06-18T03:00:00,0.049922302,-1.2921685
2024-06-18T04:00:00,0.0,-0.28895938
2024-06-18T05:00:00,0.0,0.0
2024-06-18T06:00:00,0.0,0.0
2024-06-18T07:00:00,0.0,0.0
2024-06-18T08:00:00,0.0,0.0
2024-06-18T09:00:00,0.0,0.0
2024-06-18T10:00:00,0.0,0.0
2024-06-18T11:00:00,0.014471231,0.104477346
2024-06-18T12:00:00,0.22261211,1.4638096
2024-06-18T13:00:00,0.51193005,2.0142448
2024-06-18T14:00:00,0.85455894,2.370113
2024-06-18T15:00:00,0.9867507,0.9246399
2024-06-18T16:00:00,0.9979166,0.07860786
2024-06-18T17:00:00,0.9989282,0.0071459766
2024-06-18T18:00:00,0.99902326,0.0006716365
2024-06-18T19:00:00,0.9990322,6.318892e-05
2024-06-18T20:00:00,0.99903303,5.968146e-06
2024-06-18T21:00:00,0.79013574,-1.2108562
2024-06-18T22:00:00,0.40460342,-2.2791092
2024-06-18T23:00:00,0.19750795,-1.2001684
2024-06-19T00:00:00,0.093875356,-0.59361917
2024-06-19T01:00:00,0.0017410035,-0.5377286
2024-06-19T02:00:00,1.875316e-05,-0.010161111
2024-06-19T03:00:00,5.2399667e-08,-0.00011064184
2024-06-19T04:00:00,0.0,-3.05719e-07
2024-06-19T05:00:00,0.0,0.0
2024-06-19T06:00:00,0.0,0.0
2024-06-19T07:00:00,0.0,0.0
2024-06-19T08:00:00,0.0,0.0
2024-06-19T09:00:00,0.0,0.0
2024-06-19T10:00:00,0.0,0.0
2024-06-19T11:00:00,0.0,0.0
2024-06-19T12:00:00,0.0,0.0
2024-06-19T13:00:00,0.041836932,0.30087993
2024-06-19T14:00:00,0.053800862,0.086406425
2024-06-19T15:00:00,0.00043133713,-0.30512443
2024-06-19T16:00:00,8.225007e-06,-0.002466042
2024-06-19T17:00:00,0.015590596,0.112481564
2024-06-19T18:00:00,5.0226798e-05,-0.08846569
2024-06-19T19:00:00,1.7177541e-06,-0.00028592296
2024-06-19T20:00:00,0.0,-9.998015e-06
2024-06-19T21:00:00,0.0,0.0
2024-06-19T22:00:00,0.0,0.0
2024-06-19T23:00:00,0.0,0.0
2024-06-20T00:00:00,0.0,0.0
2024-06-20T01:00:00,0.0,0.0
2024-06-20T02:00:00,0.0,0.0
2024-06-20T03:00:00,0.0,0.0
2024-06-20T04:00:00,0.0,0.0
2024-06-20T05:00:00,0.0,0.0
2024-06-20T06:00:00,0.0,0.0
2024-06-20T07:00:00,0.0,0.0
2024-06-20T08:00:00,0.0,0.0
2024-06-20T09:00:00,0.0,0.0
2024-06-20T10:00:00,0.0,0.0
2024-06-20T11:00:00,0.0,0.0
2024-06-20T12:00:00,0.0,0.0
2024-06-20T13:00:00,0.0,0.0
2024-06-20T14:00:00,0.0,0.0
2024-06-20T15:00:00,0.0,0.0
2024-06-20T16:00:00,0.0,0.0
2024-06-20T17:00:00,0.0,0.0
2024-06-20T18:00:00,0.0,0.0
2024-06-20T19:00:00,0.0,0.0
2024-06-20T20:00:00,0.0,0.0
2024-06-20T21:00:00,0.0,0.0
2024-06-20T22:00:00,0.0,0.0
2024-06-20T23:00:00,0.0,0.0
2024-06-21T00:00:00,0.0,0.0
2024-06-21T01:00:00,0.0,0.0
2024-06-21T02:00:00,0.0,0.0
2024-06-21T03:00:00,0.0,0.0
2024-06-21T04:00:00,0.11240666,0.8005726
2024-06-21T05:00:00,0.00046949118,-0.64646256
2024-06-21T06:00:00,3.3546069e-06,-0.0027114179
2024-06-21T07:00:00,0.0,-1.9380017e-05
2024-06-21T08:00:00,0.0,0.0
2024-06-21T09:00:00,0.0,0.0
2024-06-21T10:00:00,0.0,0.0
2024-06-21T11:00:00,0.0,0.0
2024-06-21T12:00:00,0.0,0.0
2024-06-21T13:00:00,0.0,0.0
2024-06-21T14:00:00,0.0,0.0
2024-06-21T15:00:00,0.0,0.0
2024-06-21T16:00:00,0.0,0.0
2024-06-21T17:00:00,0.0,0.0
2024-06-21T18:00:00,0.0,0.0
2024-06-21T19:00:00,0.123051755,0.875131
2024-06-21T20:00:00,0.0019988043,-0.7087001
2024-06-21T21:00:00,0.0,-0.011479982
2024-06-21T22:00:00,0.33717823,2.3339248
2024-06-21T23:00:00,0.37411812,0.26584494
2024-06-22T00:00:00,0.097499326,-1.6156006
2024-06-22T01:00:00,0.0004777884,-0.5694478
2024-06-22T02:00:00,2.7597451e-07,-0.00280428
2024-06-22T03:00:00,2.2369697e-09,-1.6207114e-06
2024-06-22T04:00:00,0.0,-1.3158077e-08
2024-06-22T05:00:00,0.0,0.0
2024-06-22T06:00:00,0.0,0.0
2024-06-22T07:00:00,0.31986022,2.218652
2024-06-22T08:00:00,0.6114721,2.029647
2024-06-22T09:00:00,0.85375184,1.6965897
2024-06-22T10:00:00,0.9867202,0.92969763
2024-06-22T11:00:00,0.99789864,0.07869545
2024-06-22T12:00:00,0.99891126,0.007153085
2024-06-22T13:00:00,0.9990064,0.0006722602
2024-06-22T14:00:00,0.9990154,6.343111e-05
2024-06-22T15:00:00,0.9990162,5.8288647e-06
2024-06-22T16:00:00,0.9990163,4.8825916e-07
2024-06-22T17:00:00,0.9990163,1.0678697e-07
2024-06-22T18:00:00,0.9990163,1.0678643e-07
2024-06-22T19:00:00,0.9990163,1.067859e-07
2024-06-22T20:00:00,0.9990163,1.06785365e-07
2024-06-22T21:00:00,0.9990163,1.0678483e-07
2024-06-22T22:00:00,0.79007345,-1.2111263
2024-06-22T23:00:00,0.43229523,-2.1085315
2024-06-23T00:00:00,0.17087796,-1.52424
2024-06-23T01:00:00,0.0016076837,-0.9963345
2024-06-23T02:00:00,1.1518178e-05,-0.009462917
2024-06-23T03:00:00,0.0,-6.806027e-05
2024-06-23T04:00:00,0.0,0.0
2024-06-23T05:00:00,0.0,0.0
2024-06-23T06:00:00,0.0,0.0
2024-06-23T07:00:00,0.0,0.0
2024-06-23T08:00:00,0.0,0.0
2024-06-23T09:00:00,0.0,0.0
2024-06-23T10:00:00,0.0,0.0
2024-06-23T11:00:00,0.0,0.0
2024-06-23T12:00:00,0.0,0.0
2024-06-23T13:00:00,0.0,0.0
2024-06-23T14:00:00,0.0,0.0
2024-06-23T15:00:00,0.0,0.0
2024-06-23T16:00:00,0.0,0.0
2024-06-23T17:00:00,0.0,0.0
2024-06-23T18:00:00,0.0,0.0
2024-06-23T19:00:00,0.0,0.0
2024-06-23T20:00:00,0.0,0.0
2024-06-23T21:00:00,0.0,0.0
2024-06-23T22:00:00,0.0,0.0
2024-06-23T23:00:00,0.0,0.0
2024-06-24T00:00:00,0.0,0.0
2024-06-24T01:00:00,0.0,0.0
2024-06-24T02:00:00,0.0,0.0
2024-06-24T03:00:00,0.0,0.0
2024-06-24T04:00:00,0.0,0.0
2024-06-24T05:00:00,0.0,0.0
2024-06-24T06:00:00,0.0,0.0
2024-06-24T07:00:00,0.0,0.0
2024-06-24T08:00:00,0.0,0.0
2024-06-24T09:00:00,0.0,0.0
2024-06-24T10:00:00,0.16917203,1.1957849
2024-06-24T11:00:00,0.0025131733,-0.9803113
2024-06-24T12:00:00,2.4286835e-06,-0.014782845
2024-06-24T13:00:00,0.0,-1.4097996e-05
2024-06-24T14:00:00,0.0,0.0
2024-06-24T15:00:00,0.0,0.0
2024-06-24T16:00:00,0.0,0.0
2024-06-24T17:00:00,0.0,0.0
2024-06-24T18:00:00,0.0,0.0
2024-06-24T19:00:00,0.0,0.0
2024-06-24T20:00:00,0.0,0.0
2024-06-24T21:00:00,0.0,0.0
2024-06-24T22:00:00,0.0,0.0
2024-06-24T23:00:00,0.0,0.0
2024-06-25T00:00:00,0.0,0.0
2024-06-25T01:00:00,0.0,0.0
2024-06-25T02:00:00,0.0,0.0
2024-06-25T03:00:00,0.0,0.0
2024-06-25T04:00:00,0.0,0.0
2024-06-25T05:00:00,0.0,0.0
2024-06-25T06:00:00,0.0,0.0
2024-06-25T07:00:00,0.0,0.0
2024-06-25T08:00:00,0.0,0.0
2024-06-25T09:00:00,0.0,0.0
2024-06-25T10:00:00,0.0,0.0
2024-06-25T11:00:00,0.0,0.0
2024-06-25T12:00:00,0.0,0.0
2024-06-25T13:00:00,0.0,0.0
2024-06-25T14:00:00,0.0,0.0
2024-06-25T15:00:00,0.0,0.0
2024-06-25T16:00:00,0.0,0.0
2024-06-25T17:00:00,0.0,0.0
2024-06-25T18:00:00,0.0,0.0
2024-06-25T19:00:00,0.0,0.0
2024-06-25T20:00:00,0.10425742,0.74335325
2024-06-25T21:00:00,0.0021991099,-0.5989336
2024-06-25T22:00:00,2.9166372e-07,-0.012905571
2024-06-25T23:00:00,0.0,-1.6869194e-06
2024-06-26T00:00:00,0.0,0.0
2024-06-26T01:00:00,0.0,0.0
2024-06-26T02:00:00,0.0,0.0
2024-06-26T03:00:00,0.0,0.0
2024-06-26T04:00:00,0.058747895,0.42150074
2024-06-26T05:00:00,0.00023476098,-0.33538702
2024-06-26T06:00:00,0.0,-0.0013356326
2024-06-26T07:00:00,0.0,0.0
2024-06-26T08:00:00,0.0,0.0
2024-06-26T09:00:00,0.0,0.0
2024-06-26T10:00:00,0.0,0.0
2024-06-26T11:00:00,0.0,0.0
2024-06-26T12:00:00,0.0,0.0
2024-06-26T13:00:00,0.050404176,0.36205804
2024-06-26T14:00:00,0.0017965244,-0.27670994
2024-06-26T15:00:00,2.940039e-05,-0.010227118
2024-06-26T16:00:00,3.4483685e-07,-0.00017015288
2024-06-26T17:00:00,0.0,-1.9708432e-06
2024-06-26T18:00:00,0.0,0.0
2024-06-26T19:00:00,0.0,0.0
2024-06-26T20:00:00,0.0,0.0
2024-06-26T21:00:00,0.0,0.0
2024-06-26T22:00:00,0.0,0.0
2024-06-26T23:00:00,0.0,0.0
2024-06-27T00:00:00,0.0,0.0
2024-06-27T01:00:00,0.0060698423,0.043874897
2024-06-27T02:00:00,0.0001801418,-0.034395263
2024-06-27T03:00:00,0.0,-0.0010510925
2024-06-27T04:00:00,0.0,0.0
2024-06-27T05:00:00,0.0,0.0
2024-06-27T06:00:00,0.007302862,0.052778255
2024-06-27T07:00:00,9.838672e-05,-0.04138959
2024-06-27T08:00:00,2.751967e-06,-0.00056523003
2024-06-27T09:00:00,0.0,-1.6250515e-05
2024-06-27T10:00:00,0.0,0.0
2024-06-27T11:00:00,0.0,0.0
2024-06-27T12:00:00,0.03477253,0.25032353
2024-06-27T13:00:00,0.095084935,0.43263143
2024-06-27T14:00:00,0.0018770801,-0.54295045
2024-06-27T15:00:00,0.0,-0.010836011
2024-06-27T16:00:00,0.0,0.0
2024-06-27T17:00:00,0.0,0.0
2024-06-27T18:00:00,0.0,0.0
2024-06-27T19:00:00,0.0,0.0
2024-06-27T20:00:00,0.0,0.0
2024-06-27T21:00:00,0.0,0.0
2024-06-27T22:00:00,0.0,0.0
2024-06-27T23:00:00,0.0,0.0
2024-06-28T00:00:00,0.0,0.0
2024-06-28T01:00:00,0.0,0.0
2024-06-28T02:00:00,0.0,0.0
2024-06-28T03:00:00,0.0,0.0
2024-06-28T04:00:00,0.0,0.0
2024-06-28T05:00:00,0.0067584203,0.04884735
2024-06-28T06:00:00,0.00019042441,-0.03830093
2024-06-28T07:00:00,4.4016633e-07,-0.0011104501
2024-06-28T08:00:00,0.0,-2.5691966e-06
2024-06-28T09:00:00,0.0,0.0
2024-06-28T10:00:00,0.0,0.0
2024-06-28T11:00:00,0.0,0.0
2024-06-28T12:00:00,0.33253825,2.303084
2024-06-28T13:00:00,0.66296816,2.2890599
2024-06-28T14:00:00,0.9595039,2.0626798
2024-06-28T15:00:00,0.9957032,0.25278455
2024-06-28T16:00:00,0.9986933,0.021107575
2024-06-28T17:00:00,0.99897224,0.0019710406
2024-06-28T18:00:00,0.8175501,-1.0483499
2024-06-28T19:00:00,0.47668925,-2.0050611
2024-06-28T20:00:00,0.14902143,-1.9246337
2024-06-28T21:00:00,0.41045043,1.8263311
2024-06-28T22:00:00,0.49680352,0.61720204
2024-06-28T23:00:00,0.26662296,-1.3374239
2024-06-29T00:00:00,0.050105914,-1.2561005
2024-06-29T01:00:00,0.13479182,0.60542446
2024-06-29T02:00:00,0.0016129819,-0.77227986
2024-06-29T03:00:00,1.566818e-05,-0.009353388
2024-06-29T04:00:00,0.0,-9.09277e-05
2024-06-29T05:00:00,0.0,0.0
2024-06-29T06:00:00,0.0,0.0
2024-06-29T07:00:00,0.0,0.0
2024-06-29T08:00:00,0.12809421,0.9103758
2024-06-29T09:00:00,0.23494814,0.7615979
2024-06-29T10:00:00,0.22868824,-0.03546638
2024-06-29T11:00:00,0.34628212,0.83693004
2024-06-29T12:00:00,0.69468194,2.4083796
2024-06-29T13:00:00,0.9763322,1.9475617
2024-06-29T14:00:00,0.9969918,0.14499046
2024-06-29T15:00:00,0.9987998,0.012768135
2024-06-29T16:00:00,0.9989692,0.00119695
2024-06-29T17:00:00,0.9989852,0.00011280702
2024-06-29T18:00:00,0.99898666,1.0572567e-05
2024-06-29T19:00:00,0.9989868,1.035771e-06
2024-06-29T20:00:00,0.99898684,2.7282638e-07
2024-06-29T21:00:00,0.8762069,-0.7048157
2024-06-29T22:00:00,0.7584516,-0.6755893
2024-06-29T23:00:00,0.53317785,-1.3081907
2024-06-30T00:00:00,0.19383831,-1.9957751
2024-06-30T01:00:00,0.0,-1.1266052
2024-06-30T02:00:00,0.0,0.0
2024-06-30T03:00:00,0.0,0.0
2024-06-30T04:00:00,0.0,0.0
2024-06-30T05:00:00,0.0,0.0
2024-06-30T06:00:00,0.0,0.0
2024-06-30T07:00:00,0.0,0.0
2024-06-30T08:00:00,0.0,0.0
2024-06-30T09:00:00,0.0,0.0
2024-06-30T10:00:00,0.0143693425,0.103743255
2024-06-30T11:00:00,0.3760601,2.4963233
2024-06-30T12:00:00,0.6909224,2.1853004
2024-06-30T13:00:00,0.97492856,1.9715594
2024-06-30T14:00:00,0.9968683,0.15391
2024-06-30T15:00:00,0.99875414,0.013494796
2024-06-30T16:00:00,0.9989521,0.0014254078
2024-06-30T17:00:00,0.9989744,0.00015853968
2024-06-30T18:00:00,0.9989766,1.5869211e-05
2024-06-30T19:00:00,0.9989768,1.7547513e-06
2024-06-30T20:00:00,0.9989769,2.288637e-07
2024-06-30T21:00:00,0.9989769,-1.5260717e-07
2024-06-30T22:00:00,0.95037955,-0.27665082
2024-06-30T23:00:00,0.8663587,-0.48021898
2024-07-01T00:00:00,0.665217,-1.1648836
2024-07-01T01:00:00,0.37659943,-1.6879274
2024-07-01T02:00:00,0.71279824,2.3274174
2024-07-01T03:00:00,0.97552955,1.8315135
2024-07-01T04:00:00,0.96409553,-0.06481869
2024-07-01T05:00:00,0.9951191,0.2232013
2024-07-01T06:00:00,0.974894,-0.114768595
2024-07-01T07:00:00,0.99663854,0.1540895
2024-07-01T08:00:00,0.99873716,0.014923616
2024-07-01T09:00:00,0.9989457,0.0014923738
2024-07-01T10:00:00,0.9989678,0.0001576037
2024-07-01T11:00:00,0.9989701,1.6077645e-05
2024-07-01T12:00:00,0.9989703,1.5817145e-06
2024-07-01T13:00:00,0.95362335,-0.258053
2024-07-01T14:00:00,0.9952555,0.2902194
2024-07-01T15:00:00,0.9986235,0.023772413
2024-07-01T16:00:00,0.91750324,-0.46348944
2024-07-01T17:00:00,0.7500916,-0.9658652
2024-07-01T18:00:00,0.84706676,0.6921164
2024-07-01T19:00:00,0.984524,0.9721694
2024-07-01T20:00:00,0.99737036,0.09243815
2024-07-01T21:00:00,0.79960734,-1.1448808
2024-07-01T22:00:00,0.45182008,-2.0473785
2024-07-01T23:00:00,0.39111948,-0.34602267
2024-07-02T00:00:00,0.58808094,1.3871807
2024-07-02T01:00:00,0.75561637,1.184471
2024-07-02T02:00:00,0.9793289,1.5574161
2024-07-02T03:00:00,0.9972164,0.1256482
2024-07-02T04:00:00,0.99878186,0.011167369
2024-07-02T05:00:00,0.9989444,0.0011483919
2024-07-02T06:00:00,0.7898061,-1.2122856
2024-07-02T07:00:00,0.8085287,0.13508873
2024-07-02T08:00:00,0.7042782,-0.5972006
2024-07-02T09:00:00,0.6621154,-0.23984693
2024-07-02T10:00:00,0.73260355,0.50491065
2024-07-02T11:00:00,0.95181584,1.5395119
2024-07-02T12:00:00,0.9951192,0.3017097
2024-07-02T13:00:00,0.9985999,0.024566643
2024-07-02T14:00:00,0.998924,0.002290214
2024-07-02T15:00:00,0.9989545,0.00021577001
2024-07-02T16:00:00,0.9569212,-0.23910646
2024-07-02T17:00:00,0.9943673,0.26903248
2024-07-02T18:00:00,0.99850714,0.029376205
2024-07-02T19:00:00,0.99891233,0.0028810778
2024-07-02T20:00:00,0.99895287,0.0002878322
2024-07-02T21:00:00,0.7898376,-1.2121491
2024-07-02T22:00:00,0.44244418,-2.0449708
2024-07-02T23:00:00,0.2560621,-1.077613
2024-07-03T00:00:00,0.106141016,-0.8632532
2024-07-03T01:00:00,0.027132675,-0.4513153
2024-07-03T02:00:00,0.049881864,0.1640479
2024-07-03T03:00:00,0.0097332895,-0.22833711
2024-07-03T04:00:00,0.00012331041,-0.055356167
2024-07-03T05:00:00,0.0,-0.0007057224
2024-07-03T06:00:00,0.0,0.0
2024-07-03T07:00:00,0.0,0.0
2024-07-03T08:00:00,0.0,0.0
2024-07-03T09:00:00,0.0,0.0
2024-07-03T10:00:00,0.08124545,0.581103
2024-07-03T11:00:00,0.32334659,1.6953766
2024-07-03T12:00:00,0.56146085,1.668289
2024-07-03T13:00:00,0.6938053,0.9400472
2024-07-03T14:00:00,0.5949082,-0.56619173
2024-07-03T15:00:00,0.44554073,-0.8600118
2024-07-03T16:00:00,0.37122464,-0.42428765
2024-07-03T17:00:00,0.330099,-0.23391986
2024-07-03T18:00:00,0.3098854,-0.114702836
2024-07-03T19:00:00,0.26578003,-0.25095242
2024-07-03T20:00:00,0.21535519,-0.2871135
2024-07-03T21:00:00,0.0058724037,-1.2262086
2024-07-03T22:00:00,0.0,-0.034134053
2024-07-03T23:00:00,0.0,0.0
2024-07-04T00:00:00,0.0,0.0
2024-07-04T01:00:00,0.0,0.0
2024-07-04T02:00:00,0.0,0.0
2024-07-04T03:00:00,0.0,0.0
2024-07-04T04:00:00,0.0,0.0
2024-07-04T05:00:00,0.07861429,0.5624874
2024-07-04T06:00:00,0.0103589315,-0.38941967
2024-07-04T07:00:00,0.00024955225,-0.059101176
2024-07-04T08:00:00,1.6221542e-06,-0.0014589255
2024-07-04T09:00:00,0.0,-9.48789e-06
2024-07-04T10:00:00,0.0,0.0
2024-07-04T11:00:00,0.0,0.0
2024-07-04T12:00:00,0.24639304,1.724508
2024-07-04T13:00:00,0.3690804,0.87258226
2024-07-04T14:00:00,0.3719828,0.020989226
2024-07-04T15:00:00,0.3646636,-0.04147299
2024-07-04T16:00:00,0.3853847,0.14946616
2024-07-04T17:00:00,0.431281,0.32988575
2024-07-04T18:00:00,0.6228679,1.350268
2024-07-04T19:00:00,0.7428336,0.85353816
2024-07-04T20:00:00,0.48022798,-1.5313711
2024-07-04T21:00:00,0.2502104,-1.3364524
2024-07-04T22:00:00,0.0014266879,-1.4537771
2024-07-04T23:00:00,9.877212e-06,-0.008336905
2024-07-05T00:00:00,0.0,-5.7191985e-05
2024-07-05T01:00:00,0.0,0.0
2024-07-05T02:00:00,0.0,0.0
2024-07-05T03:00:00,0.0,0.0
2024-07-05T04:00:00,0.0,0.0
2024-07-05T05:00:00,0.0,0.0
2024-07-05T06:00:00,0.0,0.0
2024-07-05T07:00:00,0.0,0.0
2024-07-05T08:00:00,0.0,0.0
2024-07-05T09:00:00,0.0,0.0
2024-07-05T10:00:00,0.0,0.0
2024-07-05T11:00:00,0.0,0.0
2024-07-05T12:00:00,0.0,0.0
2024-07-05T13:00:00,0.0,0.0
2024-07-05T14:00:00,0.0,0.0
2024-07-05T15:00:00,0.0,0.0
2024-07-05T16:00:00,0.0,0.0
2024-07-05T17:00:00,0.0,0.0
2024-07-05T18:00:00,0.0,0.0
2024-07-05T19:00:00,0.0,0.0
2024-07-05T20:00:00,0.0,0.0
2024-07-05T21:00:00,0.0,0.0
2024-07-05T22:00:00,0.0,0.0
2024-07-05T23:00:00,0.0,0.0
2024-07-06T00:00:00,0.0,0.0
2024-07-06T01:00:00,0.0,0.0
2024-07-06T02:00:00,0.0,0.0
2024-07-06T03:00:00,0.0,0.0
2024-07-06T04:00:00,0.0,0.0
2024-07-06T05:00:00,0.0,0.0
2024-07-06T06:00:00,0.1138948,0.8110081
2024-07-06T07:00:00,0.0031195162,-0.65515274
2024-07-06T08:00:00,0.0,-0.018000977
2024-07-06T09:00:00,0.0,0.0
2024-07-06T10:00:00,0.0,0.0
2024-07-06T11:00:00,0.0,0.0
2024-07-06T12:00:00,0.0,0.0
2024-07-06T13:00:00,0.0,0.0
2024-07-06T14:00:00,0.0,0.0
2024-07-06T15:00:00,0.0,0.0
2024-07-06T16:00:00,0.008416578,0.060817447
2024-07-06T17:00:00,1.1997732e-05,-0.047709282
2024-07-06T18:00:00,4.9073716e-08,-6.81061e-05
2024-07-06T19:00:00,1.16923e-10,-2.7971504e-07
2024-07-06T20:00:00,6.272455e-14,-6.680405e-10
2024-07-06T21:00:00,3.8547765e-16,-3.585696e-13
2024-07-06T22:00:00,1.0606487e-18,-2.217238e-15
2024-07-06T23:00:00,0.0,-6.032914e-18
2024-07-07T00:00:00,0.0,0.0
2024-07-07T01:00:00,0.0,0.0
2024-07-07T02:00:00,0.0,0.0
2024-07-07T03:00:00,0.0,0.0
2024-07-07T04:00:00,0.0,0.0
2024-07-07T05:00:00,0.0,0.0
2024-07-07T06:00:00,0.0,0.0
2024-07-07T07:00:00,0.0,0.0
2024-07-07T08:00:00,0.0,0.0
2024-07-07T09:00:00,0.100187965,0.7147335
2024-07-07T10:00:00,0.14583978,0.3281397
2024-07-07T11:00:00,0.34108734,1.3754148
2024-07-07T12:00:00,0.6309265,2.0177453
2024-07-07T13:00:00,0.9589958,2.27335
2024-07-07T14:00:00,0.9956014,0.25558352
2024-07-07T15:00:00,0.99858147,0.021306416
2024-07-07T16:00:00,0.9988977,0.0022339667
2024-07-07T17:00:00,0.9989274,0.0002102587
2024-07-07T18:00:00,0.9989302,1.9904259e-05
2024-07-07T19:00:00,0.9989305,1.9750826e-06
2024-07-07T20:00:00,0.7897545,-1.2125098
2024-07-07T21:00:00,0.44692785,-2.0170648
2024-07-07T22:00:00,0.25982383,-1.081875
2024-07-07T23:00:00,0.43198028,1.216404
2024-07-08T00:00:00,0.19678344,-1.3673422
2024-07-08T01:00:00,0.10209806,-0.54182225
2024-07-08T02:00:00,0.00032531496,-0.5842402
2024-07-08T03:00:00,4.1545304e-06,-0.0018675145
2024-07-08T04:00:00,0.082480304,0.5898057
2024-07-08T05:00:00,0.0026030971,-0.45632315
2024-07-08T06:00:00,8.150607e-05,-0.014870994
2024-07-08T07:00:00,1.5639631e-07,-0.00048067915
2024-07-08T08:00:00,0.0,-9.112491e-07
2024-07-08T09:00:00,0.0,0.0
2024-07-08T10:00:00,0.0,0.0
2024-07-08T11:00:00,0.0,0.0
2024-07-08T12:00:00,0.0,0.0
2024-07-08T13:00:00,0.0,0.0
2024-07-08T14:00:00,0.0,0.0
2024-07-08T15:00:00,0.0,0.0
2024-07-08T16:00:00,0.0,0.0
2024-07-08T17:00:00,0.0,0.0
2024-07-08T18:00:00,0.0,0.0
2024-07-08T19:00:00,0.0,0.0
2024-07-08T20:00:00,0.017264389,0.12459335
2024-07-08T21:00:00,0.000573966,-0.09798678
2024-07-08T22:00:00,3.974182e-06,-0.003369662
2024-07-08T23:00:00,3.6702974e-11,-2.349446e-05
2024-07-09T00:00:00,0.0,-2.1627035e-10
2024-07-09T01:00:00,0.0,0.0
2024-07-09T02:00:00,0.0,0.0
2024-07-09T03:00:00,0.0,0.0
2024-07-09T04:00:00,0.0,0.0
2024-07-09T05:00:00,0.0,0.0
2024-07-09T06:00:00,0.12858921,0.91383314
2024-07-09T07:00:00,0.00053964934,-0.74114317
2024-07-09T08:00:00,8.633758e-06,-0.0031234578
2024-07-09T09:00:00,0.0,-4.8914437e-05
2024-07-09T10:00:00,0.0,0.0
2024-07-09T11:00:00,0.0,0.0
2024-07-09T12:00:00,0.0,0.0
2024-07-09T13:00:00,0.0,0.0
2024-07-09T14:00:00,0.0,0.0
2024-07-09T15:00:00,0.0,0.0
2024-07-09T16:00:00,0.0,0.0
2024-07-09T17:00:00,0.0,0.0
2024-07-09T18:00:00,0.0,0.0
2024-07-09T19:00:00,0.0,0.0
2024-07-09T20:00:00,0.0,0.0
2024-07-09T21:00:00,0.0,0.0
2024-07-09T22:00:00,0.0,0.0
2024-07-09T23:00:00,0.0,0.0
2024-07-10T00:00:00,0.0,0.0
2024-07-10T01:00:00,0.0,0.0
2024-07-10T02:00:00,0.110638276,0.78816646
2024-07-10T03:00:00,0.057693925,-0.30154482
2024-07-10T04:00:00,0.00024500242,-0.32859606
2024-07-10T05:00:00,0.0662028,0.47275603
2024-07-10T06:00:00,0.10293583,0.26436386
2024-07-10T07:00:00,0.0015183962,-0.5858429
2024-07-10T08:00:00,0.0,-0.0086830985
2024-07-10T09:00:00,0.0,0.0
2024-07-10T10:00:00,0.0,0.0
2024-07-10T11:00:00,0.08676409,0.6201047
2024-07-10T12:00:00,0.20070246,0.8113135
2024-07-10T13:00:00,0.37026444,1.19848
2024-07-10T14:00:00,0.4755277,0.75042236
2024-07-10T15:00:00,0.3568543,-0.6809271
2024-07-10T16:00:00,0.2682329,-0.50677574
2024-07-10T17:00:00,0.09770168,-0.9842091
2024-07-10T18:00:00,0.051803745,-0.26120457
2024-07-10T19:00:00,0.00027158894,-0.29481444
2024-07-10T20:00:00,4.197184e-06,-0.0015537549
2024-07-10T21:00:00,7.3965216e-09,-2.4388915e-05
2024-07-10T22:00:00,0.0,-4.2971124e-08
2024-07-10T23:00:00,0.0,0.0
2024-07-11T00:00:00,0.0,0.0
2024-07-11T01:00:00,0.0,0.0
2024-07-11T02:00:00,0.0,0.0
2024-07-11T03:00:00,0.0,0.0
2024-07-11T04:00:00,0.004180419,0.03022569
2024-07-11T05:00:00,0.00011592932,-0.023682268
2024-07-11T06:00:00,0.0,-0.0006647914
2024-07-11T07:00:00,0.0,0.0
2024-07-11T08:00:00,0.0,0.0
2024-07-11T09:00:00,0.13570571,0.9634894
2024-07-11T10:00:00,0.3838421,1.7363327
2024-07-11T11:00:00,0.7175052,2.3105636
2024-07-11T12:00:00,0.9643833,1.7277985
2024-07-11T13:00:00,0.995981,0.22096896
2024-07-11T14:00:00,0.9986358,0.01874274
2024-07-11T15:00:00,0.9988816,0.001751604
2024-07-11T16:00:00,0.9989065,0.00017879556
2024-07-11T17:00:00,0.9989092,1.9340316e-05
2024-07-11T18:00:00,0.9989095,2.1740818e-06
2024-07-11T19:00:00,0.94153565,-0.32693607
2024-07-11T20:00:00,0.72646785,-1.2474893
2024-07-11T21:00:00,0.45098728,-1.6087493
2024-07-11T22:00:00,0.05441315,-2.3472593
2024-07-11T23:00:00,0.0,-0.31782025
2024-07-12T00:00:00,0.0,0.0
2024-07-12T01:00:00,0.0,0.0
2024-07-12T02:00:00,0.0,0.0
2024-07-12T03:00:00,0.0,0.0
2024-07-12T04:00:00,0.0,0.0
2024-07-12T05:00:00,0.0,0.0
2024-07-12T06:00:00,0.0,0.0
2024-07-12T07:00:00,0.0,0.0
2024-07-12T08:00:00,0.0,0.0
2024-07-12T09:00:00,0.0,0.0
2024-07-12T10:00:00,0.0,0.0
2024-07-12T11:00:00,0.0,0.0
2024-07-12T12:00:00,0.0,0.0
2024-07-12T13:00:00,0.0,0.0
2024-07-12T14:00:00,0.0,0.0
2024-07-12T15:00:00,0.0,0.0
2024-07-12T16:00:00,0.0,0.0
2024-07-12T17:00:00,0.0,0.0
2024-07-12T18:00:00,0.0,0.0
2024-07-12T19:00:00,0.0,0.0
2024-07-12T20:00:00,0.0,0.0
2024-07-12T21:00:00,0.0,0.0
2024-07-12T22:00:00,0.0,0.0
2024-07-12T23:00:00,0.0,0.0
2024-07-13T00:00:00,0.0,0.0
2024-07-13T01:00:00,0.0,0.0
2024-07-13T02:00:00,0.0,0.0
2024-07-13T03:00:00,0.0,0.0
2024-07-13T04:00:00,0.0,0.0
2024-07-13T05:00:00,0.0,0.0
2024-07-13T06:00:00,0.0,0.0
2024-07-13T07:00:00,0.0,0.0
2024-07-13T08:00:00,0.0,0.0
2024-07-13T09:00:00,0.0,0.0
2024-07-13T10:00:00,0.0,0.0
2024-07-13T11:00:00,0.0,0.0
2024-07-13T12:00:00,0.0,0.0
2024-07-13T13:00:00,0.0,0.0
2024-07-13T14:00:00,0.0,0.0
2024-07-13T15:00:00,0.0,0.0
2024-07-13T16:00:00,0.0,0.0
2024-07-13T17:00:00,0.0,0.0
2024-07-13T18:00:00,0.0,0.0
2024-07-13T19:00:00,0.0,0.0
2024-07-13T20:00:00,0.0,0.0
2024-07-13T21:00:00,0.0,0.0
2024-07-13T22:00:00,0.13468654,0.9563837
2024-07-13T23:00:00,0.2589722,0.88375986
2024-07-14T00:00:00,0.37970144,0.85888183
2024-07-14T01:00:00,0.20479669,-1.0099479
2024-07-14T02:00:00,0.098918445,-0.60663587
2024-07-14T03:00:00,0.00076202746,-0.5667593
2024-07-14T04:00:00,0.0,-0.0043929103
2024-07-14T05:00:00,0.0,0.0
2024-07-14T06:00:00,0.0,0.0
2024-07-14T07:00:00,0.0,0.0
2024-07-14T08:00:00,0.0,0.0
2024-07-14T09:00:00,0.0,0.0
2024-07-14T10:00:00,0.056208417,0.40342334
2024-07-14T11:00:00,0.3958932,2.3505716
2024-07-14T12:00:00,0.71866804,2.2380838
2024-07-14T13:00:00,0.97763216,1.7934667
2024-07-14T14:00:00,0.99701566,0.13608734
2024-07-14T15:00:00,0.99870473,0.012032324
2024-07-14T16:00:00,0.9988777,0.0012221748
2024-07-14T17:00:00,0.998894,0.000115143564
2024-07-14T18:00:00,0.9988955,1.10017545e-05
2024-07-14T19:00:00,0.9988957,1.0834864e-06
2024-07-14T20:00:00,0.9988957,-6.0928194e-08
2024-07-14T21:00:00,0.78962505,-1.2130711
2024-07-14T22:00:00,0.41796094,-2.193746
2024-07-14T23:00:00,0.46999142,0.37365496
2024-07-15T00:00:00,0.24037877,-1.3340389
2024-07-15T01:00:00,0.3000188,0.42784828
2024-07-15T02:00:00,0.11653183,-1.0605283
2024-07-15T03:00:00,0.0059616915,-0.6338532
2024-07-15T04:00:00,0.0,-0.034170344
2024-07-15T05:00:00,0.0,0.0
2024-07-15T06:00:00,0.0,0.0
2024-07-15T07:00:00,0.0,0.0
2024-07-15T08:00:00,0.0,0.0
2024-07-15T09:00:00,0.1314329,0.93368644
2024-07-15T10:00:00,0.37639248,1.7147818
2024-07-15T11:00:00,0.7115309,2.320371
2024-07-15T12:00:00,0.9773138,1.8390733
2024-07-15T13:00:00,0.99697924,0.13805355
2024-07-15T14:00:00,0.998706,0.012194172
2024-07-15T15:00:00,0.99886775,0.0011429328
2024-07-15T16:00:00,0.9988828,0.00010761829
2024-07-15T17:00:00,0.9988844,1.148738e-05
2024-07-15T18:00:00,0.9049296,-0.5375973
2024-07-15T19:00:00,0.8587131,-0.26302686
2024-07-15T20:00:00,0.7910268,-0.38614836
2024-07-15T21:00:00,0.5204091,-1.5794979
2024-07-15T22:00:00,0.18635269,-1.963551
2024-07-15T23:00:00,0.0009027407,-1.0953629
2024-07-16T00:00:00,0.0,-0.0052279197
2024-07-16T01:00:00,0.0,0.0
2024-07-16T02:00:00,0.0,0.0
2024-07-16T03:00:00,0.0,0.0
2024-07-16T04:00:00,0.0,0.0
2024-07-16T05:00:00,0.0,0.0
2024-07-16T06:00:00,0.0,0.0
2024-07-16T07:00:00,0.0,0.0
2024-07-16T08:00:00,0.0,0.0
2024-07-16T09:00:00,0.0,0.0
2024-07-16T10:00:00,0.0,0.0
2024-07-16T11:00:00,0.32144558,2.2292233
2024-07-16T12:00:00,0.65798265,2.329665
2024-07-16T13:00:00,0.97355545,2.1817203
2024-07-16T14:00:00,0.99666405,0.16204344
2024-07-16T15:00:00,0.9986676,0.01414758
2024-07-16T16:00:00,0.9988551,0.0013247855
2024-07-16T17:00:00,0.99887276,0.00012467513
2024-07-16T18:00:00,0.9988744,1.1759477e-05
2024-07-16T19:00:00,0.9988746,1.0782658e-06
2024-07-16T20:00:00,0.9988746,-6.61488e-08
2024-07-16T21:00:00,0.9988746,-6.6149134e-08
2024-07-16T22:00:00,0.82577646,-0.9993127
2024-07-16T23:00:00,0.6392163,-1.078664
2024-07-17T00:00:00,0.5637765,-0.4307577
2024-07-17T01:00:00,0.4415113,-0.7018199
2024-07-17T02:00:00,0.31126416,-0.74830997
2024-07-17T03:00:00,0.21719131,-0.53828007
2024-07-17T04:00:00,0.22031891,0.022616925
2024-07-17T05:00:00,0.13066138,-0.51276076
2024-07-17T06:00:00,0.18743059,0.4074164
2024-07-17T07:00:00,0.0070231496,-1.0697312
2024-07-17T08:00:00,0.0,-0.041143537
2024-07-17T09:00:00,0.0,0.0
2024-07-17T10:00:00,0.25399613,1.7760414
2024-07-17T11:00:00,0.5346506,1.956002
2024-07-17T12:00:00,0.86372465,2.2800374
2024-07-17T13:00:00,0.9875286,0.8648968
2024-07-17T14:00:00,0.9978285,0.072547
2024-07-17T15:00:00,0.9987667,0.006627531
2024-07-17T16:00:00,0.998853,0.0006227828
2024-07-17T17:00:00,0.9988628,7.041154e-05
2024-07-17T18:00:00,0.9988639,7.850149e-06
2024-07-17T19:00:00,0.998864,9.836543e-07
2024-07-17T20:00:00,0.8652304,-0.76805913
2024-07-17T21:00:00,0.49549606,-2.181888
2024-07-17T22:00:00,0.20910381,-1.6744994
2024-07-17T23:00:00,0.16813058,-0.2330488
2024-07-18T00:00:00,0.17948212,0.08199078
2024-07-18T01:00:00,0.12828058,-0.29156137
2024-07-18T02:00:00,0.001471374,-0.7304793
2024-07-18T03:00:00,1.35394785e-05,-0.00847579
2024-07-18T04:00:00,0.0,-7.7342134e-05
2024-07-18T05:00:00,0.0,0.0
2024-07-18T06:00:00,0.0,0.0
2024-07-18T07:00:00,0.0,0.0
2024-07-18T08:00:00,0.0,0.0
2024-07-18T09:00:00,0.0,0.0
2024-07-18T10:00:00,0.22473836,1.577221
2024-07-18T11:00:00,0.5542877,2.2832005
2024-07-18T12:00:00,0.8032526,1.7419505
2024-07-18T13:00:00,0.9795129,1.2447317
2024-07-18T14:00:00,0.997134,0.12378326
2024-07-18T15:00:00,0.9986774,0.0110076
2024-07-18T16:00:00,0.99883604,0.0011297687
2024-07-18T17:00:00,0.9988522,0.000114290546
2024-07-18T18:00:00,0.99885374,1.0911679e-05
2024-07-18T19:00:00,0.99885386,9.934116e-07
2024-07-18T20:00:00,0.9858195,-0.07390435
2024-07-18T21:00:00,0.74114233,-1.4239763
2024-07-18T22:00:00,0.4177621,-1.8985455
2024-07-18T23:00:00,0.21969064,-1.1467063
2024-07-19T00:00:00,0.17206559,-0.27108628
2024-07-19T01:00:00,0.15202871,-0.11369795
2024-07-19T02:00:00,0.08251334,-0.39666477
2024-07-19T03:00:00,0.0011976337,-0.47083306
2024-07-19T04:00:00,0.0,-0.006798928
2024-07-19T05:00:00,0.0,0.0
2024-07-19T06:00:00,0.0,0.0
2024-07-19T07:00:00,0.0,0.0
2024-07-19T08:00:00,0.0,0.0
2024-07-19T09:00:00,0.0,0.0
2024-07-19T10:00:00,0.0,0.0
2024-07-19T11:00:00,0.0,0.0
2024-07-19T12:00:00,0.0,0.0
2024-07-19T13:00:00,0.0,0.0
2024-07-19T14:00:00,0.0,0.0
2024-07-19T15:00:00,0.0,0.0
2024-07-19T16:00:00,0.0,0.0
2024-07-19T17:00:00,0.0,0.0
2024-07-19T18:00:00,0.0,0.0
2024-07-19T19:00:00,0.0,0.0
2024-07-19T20:00:00,0.0,0.0
2024-07-19T21:00:00,0.0,0.0
2024-07-19T22:00:00,0.0011443107,0.008277323
2024-07-19T23:00:00,3.197093e-05,-0.0064797457
2024-07-20T00:00:00,0.0,-0.00018496202
2024-07-20T01:00:00,0.0,0.0
2024-07-20T02:00:00,0.0,0.0
2024-07-20T03:00:00,0.0,0.0
2024-07-20T04:00:00,0.0,0.0
2024-07-20T05:00:00,0.0,0.0
2024-07-20T06:00:00,0.0,0.0
2024-07-20T07:00:00,0.0,0.0
2024-07-20T08:00:00,0.0,0.0
2024-07-20T09:00:00,0.0,0.0
2024-07-20T10:00:00,0.0,0.0
2024-07-20T11:00:00,0.0,0.0
2024-07-20T12:00:00,0.0,0.0
2024-07-20T13:00:00,0.0,0.0
2024-07-20T14:00:00,0.0,0.0
2024-07-20T15:00:00,0.0,0.0
2024-07-20T16:00:00,0.0,0.0
2024-07-20T17:00:00,0.0,0.0
2024-07-20T18:00:00,0.0,0.0
2024-07-20T19:00:00,0.0,0.0
2024-07-20T20:00:00,0.0,0.0
2024-07-20T21:00:00,0.0,0.0
2024-07-20T22:00:00,0.0,0.0
2024-07-20T23:00:00,0.0,0.0
2024-07-21T00:00:00,0.0,0.0
2024-07-21T01:00:00,0.0,0.0
2024-07-21T02:00:00,0.0,0.0
2024-07-21T03:00:00,0.0,0.0
2024-07-21T04:00:00,0.0,0.0
2024-07-21T05:00:00,0.0,0.0
2024-07-21T06:00:00,0.0,0.0
2024-07-21T07:00:00,0.0,0.0
2024-07-21T08:00:00,0.0,0.0
2024-07-21T09:00:00,0.0,0.0
2024-07-21T10:00:00,0.0,0.0
2024-07-21T11:00:00,0.0,0.0
2024-07-21T12:00:00,0.0,0.0
2024-07-21T13:00:00,0.0,0.0
2024-07-21T14:00:00,0.0,0.0
2024-07-21T15:00:00,0.0,0.0
2024-07-21T16:00:00,0.0,0.0
2024-07-21T17:00:00,0.0,0.0
2024-07-21T18:00:00,0.0,0.0
2024-07-21T19:00:00,0.0,0.0
2024-07-21T20:00:00,0.0,0.0
2024-07-21T21:00:00,0.0,0.0
2024-07-21T22:00:00,0.0,0.0
2024-07-21T23:00:00,0.0,0.0
2024-07-22T00:00:00,0.0,0.0
2024-07-22T01:00:00,0.0,0.0
2024-07-22T02:00:00,0.0,0.0
2024-07-22T03:00:00,0.0045346087,0.032784924
2024-07-22T04:00:00,0.00017672137,-0.025690077
2024-07-22T05:00:00,5.9220736e-07,-0.0010417859
2024-07-22T06:00:00,0.0,-3.4547336e-06
2024-07-22T07:00:00,0.0,0.0
2024-07-22T08:00:00,0.0,0.0
2024-07-22T09:00:00,0.0,0.0
2024-07-22T10:00:00,0.0,0.0
2024-07-22T11:00:00,0.0,0.0
2024-07-22T12:00:00,0.0,0.0
2024-07-22T13:00:00,0.0,0.0
2024-07-22T14:00:00,0.0,0.0
2024-07-22T15:00:00,0.0,0.0
2024-07-22T16:00:00,0.0,0.0
2024-07-22T17:00:00,0.0,0.0
2024-07-22T18:00:00,0.0,0.0
2024-07-22T19:00:00,0.0,0.0
2024-07-22T20:00:00,0.0,0.0
2024-07-22T21:00:00,0.0,0.0
2024-07-22T22:00:00,0.0,0.0
2024-07-22T23:00:00,0.0,0.0
2024-07-23T00:00:00,0.0,0.0
2024-07-23T01:00:00,0.0,0.0
2024-07-23T02:00:00,0.0,0.0
2024-07-23T03:00:00,0.0,0.0
2024-07-23T04:00:00,0.0,0.0
2024-07-23T05:00:00,0.0,0.0
2024-07-23T06:00:00,0.0,0.0
2024-07-23T07:00:00,0.0,0.0
2024-07-23T08:00:00,0.0,0.0
2024-07-23T09:00:00,0.0,0.0
2024-07-23T10:00:00,0.0,0.0
2024-07-23T11:00:00,0.0,0.0
2024-07-23T12:00:00,0.0,0.0
2024-07-23T13:00:00,0.0,0.0
2024-07-23T14:00:00,0.0,0.0
2024-07-23T15:00:00,0.0,0.0
2024-07-23T16:00:00,0.0,0.0
2024-07-23T17:00:00,0.0,0.0
2024-07-23T18:00:00,0.0,0.0
2024-07-23T19:00:00,0.0,0.0
2024-07-23T20:00:00,0.0,0.0
2024-07-23T21:00:00,0.0,0.0
2024-07-23T22:00:00,0.0,0.0
2024-07-23T23:00:00,0.0,0.0
2024-07-24T00:00:00,0.0,0.0
2024-07-24T01:00:00,0.0,0.0
2024-07-24T02:00:00,0.0,0.0
2024-07-24T03:00:00,0.0,0.0
2024-07-24T04:00:00,0.0,0.0
2024-07-24T05:00:00,0.0,0.0
2024-07-24T06:00:00,0.0,0.0
2024-07-24T07:00:00,0.0,0.0
2024-07-24T08:00:00,0.0,0.0
2024-07-24T09:00:00,0.0,0.0
2024-07-24T10:00:00,0.0,0.0
2024-07-24T11:00:00,0.0,0.0
2024-07-24T12:00:00,0.065299466,0.4680801
2024-07-24T13:00:00,0.24060807,1.2381649
2024-07-24T14:00:00,0.28529397,0.3212403
2024-07-24T15:00:00,0.3685079,0.59502137
2024-07-24T16:00:00,0.34277326,-0.1461232
2024-07-24T17:00:00,0.26036853,-0.4708964
2024-07-24T18:00:00,0.014420916,-1.4315747
2024-07-24T19:00:00,0.0,-0.083570875
2024-07-24T20:00:00,0.0,0.0
2024-07-24T21:00:00,0.0,0.0
2024-07-24T22:00:00,0.0,0.0
2024-07-24T23:00:00,0.0,0.0
2024-07-25T00:00:00,0.0,0.0
2024-07-25T01:00:00,0.0,0.0
2024-07-25T02:00:00,0.0,0.0
2024-07-25T03:00:00,0.0,0.0
2024-07-25T04:00:00,0.0,0.0
2024-07-25T05:00:00,0.0,0.0
2024-07-25T06:00:00,0.0,0.0
2024-07-25T07:00:00,0.0,0.0
2024-07-25T08:00:00,0.0,0.0
2024-07-25T09:00:00,0.041062392,0.2953418
2024-07-25T10:00:00,0.00045277807,-0.23384255
2024-07-25T11:00:00,0.013040187,0.09090125
2024-07-25T12:00:00,0.31735593,2.1147978
2024-07-25T13:00:00,0.57630306,1.8095492
2024-07-25T14:00:00,0.75023836,1.2286863
2024-07-25T15:00:00,0.77099603,0.14972925
2024-07-25T16:00:00,0.87050605,0.7099627
2024-07-25T17:00:00,0.9766135,0.75635403
2024-07-25T18:00:00,0.996732,0.1422482
2024-07-25T19:00:00,0.78158337,-1.2479695
2024-07-25T20:00:00,0.36342627,-2.4809418
2024-07-25T21:00:00,0.14963922,-1.2398815
2024-07-25T22:00:00,0.0024103418,-0.8678492
2024-07-25T23:00:00,2.0135635e-06,-0.014207899
2024-07-26T00:00:00,0.0,-1.1522654e-05
2024-07-26T01:00:00,0.0,0.0
2024-07-26T02:00:00,0.0,0.0
2024-07-26T03:00:00,0.12301585,0.8748799
2024-07-26T04:00:00,0.030220605,-0.53089327
2024-07-26T05:00:00,0.0,-0.1718435
2024-07-26T06:00:00,0.0,0.0
2024-07-26T07:00:00,0.0,0.0
2024-07-26T08:00:00,0.0,0.0
2024-07-26T09:00:00,0.070674084,0.5062295
2024-07-26T10:00:00,0.091313556,0.14887904
2024-07-26T11:00:00,0.20261182,0.79279727
2024-07-26T12:00:00,0.51888657,2.1947296
2024-07-26T13:00:00,0.8722939,2.4415438
2024-07-26T14:00:00,0.98936427,0.8098255
2024-07-26T15:00:00,0.9979613,0.06057103
2024-07-26T16:00:00,0.99874693,0.005549822
2024-07-26T17:00:00,0.9988208,0.0005216416
2024-07-26T18:00:00,0.9988277,4.8997994e-05
2024-07-26T19:00:00,0.99882835,4.747262e-06
2024-07-26T20:00:00,0.8319372,-0.9628061
2024-07-26T21:00:00,0.59315354,-1.3887551
2024-07-26T22:00:00,0.55058926,-0.24214165
2024-07-26T23:00:00,0.36180303,-1.0918088
2024-07-27T00:00:00,0.0900647,-1.586236
2024-07-27T01:00:00,0.0,-0.52318287
2024-07-27T02:00:00,0.0,0.0
2024-07-27T03:00:00,0.0,0.0
2024-07-27T04:00:00,0.0,0.0
2024-07-27T05:00:00,0.0,0.0
2024-07-27T06:00:00,0.0,0.0
2024-07-27T07:00:00,0.004304791,0.031124383
2024-07-27T08:00:00,4.9997423e-05,-0.024387278
2024-07-27T09:00:00,2.820929e-07,-0.00028657113
2024-07-27T10:00:00,0.0,-1.5989906e-06
2024-07-27T11:00:00,0.33834645,2.3416846
2024-07-27T12:00:00,0.6943883,2.458977
2024-07-27T13:00:00,0.97391266,1.9483638
2024-07-27T14:00:00,0.9966416,0.15939793
2024-07-27T15:00:00,0.9986146,0.013932042
2024-07-27T16:00:00,0.99879926,0.0013045609
2024-07-27T17:00:00,0.9988166,0.00012276115
2024-07-27T18:00:00,0.9988183,1.1752848e-05
2024-07-27T19:00:00,0.99881846,1.0716367e-06
2024-07-27T20:00:00,0.7893378,-1.2143171
2024-07-27T21:00:00,0.5709633,-1.2671413
2024-07-27T22:00:00,0.33464694,-1.374024
2024-07-27T23:00:00,0.05302782,-1.6457188
2024-07-28T00:00:00,7.617025e-05,-0.30988264
2024-07-28T01:00:00,7.594091e-07,-0.0004457621
2024-07-28T02:00:00,0.0,-4.4523244e-06
2024-07-28T03:00:00,0.0,0.0
2024-07-28T04:00:00,0.0,0.0
2024-07-28T05:00:00,0.0,0.0
2024-07-28T06:00:00,0.0,0.0
2024-07-28T07:00:00,0.0,0.0
2024-07-28T08:00:00,0.0,0.0
2024-07-28T09:00:00,0.0,0.0
2024-07-28T10:00:00,0.0,0.0
2024-07-28T11:00:00,0.0,0.0
2024-07-28T12:00:00,0.0,0.0
2024-07-28T13:00:00,0.0,0.0
2024-07-28T14:00:00,0.0,0.0
2024-07-28T15:00:00,0.0,0.0
2024-07-28T16:00:00,0.0,0.0
2024-07-28T17:00:00,0.0,0.0
2024-07-28T18:00:00,0.0,0.0
2024-07-28T19:00:00,0.0,0.0
2024-07-28T20:00:00,0.0,0.0
2024-07-28T21:00:00,0.0,0.0
2024-07-28T22:00:00,0.0,0.0
2024-07-28T23:00:00,0.0,0.0
2024-07-29T00:00:00,0.0,0.0
2024-07-29T01:00:00,0.0,0.0
2024-07-29T02:00:00,0.0,0.0
2024-07-29T03:00:00,0.0,0.0
2024-07-29T04:00:00,0.0,0.0
2024-07-29T05:00:00,0.0,0.0
2024-07-29T06:00:00,0.0,0.0
2024-07-29T07:00:00,0.00039976824,0.0028920162
2024-07-29T08:00:00,7.3497517e-06,-0.0022634754
2024-07-29T09:00:00,1.7051217e-07,-4.2393473e-05
2024-07-29T10:00:00,0.0,-9.856811e-07
2024-07-29T11:00:00,0.0,0.0
2024-07-29T12:00:00,0.0,0.0
2024-07-29T13:00:00,0.0,0.0
2024-07-29T14:00:00,0.0,0.0
2024-07-29T15:00:00,0.0,0.0
2024-07-29T16:00:00,0.0,0.0
2024-07-29T17:00:00,0.0,0.0
2024-07-29T18:00:00,0.0,0.0
2024-07-29T19:00:00,0.0,0.0
2024-07-29T20:00:00,0.0,0.0
2024-07-29T21:00:00,0.0,0.0
2024-07-29T22:00:00,0.0,0.0
2024-07-29T23:00:00,0.0,0.0
2024-07-30T00:00:00,0.0,0.0
2024-07-30T01:00:00,0.1144594,0.81496626
2024-07-30T02:00:00,0.00049076247,-0.6584507
2024-07-30T03:00:00,0.004648984,0.030065292
2024-07-30T04:00:00,0.00012823919,-0.026336627
2024-07-30T05:00:00,0.043186147,0.3096077
2024-07-30T06:00:00,0.00040873414,-0.24600591
2024-07-30T07:00:00,0.0,-0.0023348695
2024-07-30T08:00:00,0.0,0.0
2024-07-30T09:00:00,0.15481842,1.0963984
2024-07-30T10:00:00,0.3189521,1.1609402
2024-07-30T11:00:00,0.49583232,1.249008
2024-07-30T12:00:00,0.809132,2.174865
2024-07-30T13:00:00,0.8856274,0.5474867
2024-07-30T14:00:00,0.98895204,0.724352
2024-07-30T15:00:00,0.9979049,0.06307062
2024-07-30T16:00:00,0.998722,0.005772022
2024-07-30T17:00:00,0.9987988,0.00054242456
2024-07-30T18:00:00,0.998806,5.1088864e-05
2024-07-30T19:00:00,0.9988067,4.930771e-06
2024-07-30T20:00:00,0.9988068,3.531097e-07
2024-07-30T21:00:00,0.8431474,-0.89687407
2024-07-30T22:00:00,0.6703507,-0.9975386
2024-07-30T23:00:00,0.5514832,-0.6820553
2024-07-31T00:00:00,0.4668785,-0.4835879
2024-07-31T01:00:00,0.23153539,-1.3682151
2024-07-31T02:00:00,0.04437583,-1.0822029
2024-07-31T03:00:00,0.0,-0.2558888
2024-07-31T04:00:00,0.0,0.0
2024-07-31T05:00:00,0.0,0.0
2024-07-31T06:00:00,0.0,0.0
2024-07-31T07:00:00,0.0,0.0
2024-07-31T08:00:00,0.0,0.0
2024-07-31T09:00:00,0.0,0.0
2024-07-31T10:00:00,0.13518906,0.95988744
2024-07-31T11:00:00,0.4834397,2.4073908
2024-07-31T12:00:00,0.816377,2.3057373
2024-07-31T13:00:00,0.9837944,1.1674933
2024-07-31T14:00:00,0.9974452,0.09601612
2024-07-31T15:00:00,0.99867,0.008650294
2024-07-31T16:00:00,0.99878377,0.0008118108
2024-07-31T17:00:00,0.99879557,8.358099e-05
2024-07-31T18:00:00,0.9987967,8.049566e-06
2024-07-31T19:00:00,0.9987968,8.016006e-07
2024-07-31T20:00:00,0.78925735,-1.214666
2024-07-31T21:00:00,0.5150287,-1.6012157
2024-07-31T22:00:00,0.31810185,-1.139933
2024-07-31T23:00:00,0.24510176,-0.41671258
2024-08-01T00:00:00,0.10278402,-0.8187714
2024-08-01T01:00:00,0.12193354,0.13816084
2024-08-01T02:00:00,0.024120584,-0.55991656
2024-08-01T03:00:00,0.054712214,0.22035584
2024-08-01T04:00:00,0.0012596453,-0.31111598
2024-08-01T05:00:00,0.0,-0.007220821
2024-08-01T06:00:00,0.0,0.0
2024-08-01T07:00:00,0.0,0.0
2024-08-01T08:00:00,0.0,0.0
2024-08-01T09:00:00,0.0,0.0
2024-08-01T10:00:00,0.16481078,1.1656253
2024-08-01T11:00:00,0.5243658,2.482209
2024-08-01T12:00:00,0.8427643,2.2089016
2024-08-01T13:00:00,0.98366815,0.99854654
2024-08-01T14:00:00,0.99729425,0.09675705
2024-08-01T15:00:00,0.9986389,0.009549527
2024-08-01T16:00:00,0.9987713,0.0009435227
2024-08-01T17:00:00,0.99878484,9.6273725e-05
2024-08-01T18:00:00,0.99878615,9.679618e-06
2024-08-01T19:00:00,0.7892177,-1.2148381
2024-08-01T20:00:00,0.6211273,-0.96985555
2024-08-01T21:00:00,0.36360377,-1.5008878
2024-08-01T22:00:00,0.168579,-1.1286806
2024-08-01T23:00:00,0.0012247104,-0.97562915
2024-08-02T00:00:00,0.0,-0.006944481
2024-08-02T01:00:00,0.0,0.0
2024-08-02T02:00:00,0.0,0.0
2024-08-02T03:00:00,0.0,0.0
2024-08-02T04:00:00,0.0,0.0
2024-08-02T05:00:00,0.0,0.0
2024-08-02T06:00:00,0.0,0.0
2024-08-02T07:00:00,0.0,0.0
2024-08-02T08:00:00,0.0,0.0
2024-08-02T09:00:00,0.0,0.0
2024-08-02T10:00:00,0.3244064,2.2489557
2024-08-02T11:00:00,0.636012,2.163548
2024-08-02T12:00:00,0.95736766,2.2286236
2024-08-02T13:00:00,0.9953427,0.2650174
2024-08-02T14:00:00,0.9984561,0.021975964
2024-08-02T15:00:00,0.99874306,0.0020497828
2024-08-02T16:00:00,0.9987727,0.00021337722
2024-08-02T17:00:00,0.98554415,-0.075006954
2024-08-02T18:00:00,0.99743587,0.08468604
2024-08-02T19:00:00,0.8697227,-0.7335421
2024-08-02T20:00:00,0.5793972,-1.6982384
2024-08-02T21:00:00,0.42689562,-0.87836707
2024-08-02T22:00:00,0.26339263,-0.9428995
2024-08-02T23:00:00,0.0029697614,-1.5189496
2024-08-03T00:00:00,1.5265769e-05,-0.017321512
2024-08-03T01:00:00,0.0,-8.6435095e-05
2024-08-03T02:00:00,0.0,0.0
2024-08-03T03:00:00,0.0,0.0
2024-08-03T04:00:00,0.0,0.0
2024-08-03T05:00:00,0.0,0.0
2024-08-03T06:00:00,0.0,0.0
2024-08-03T07:00:00,0.0,0.0
2024-08-03T08:00:00,0.0,0.0
2024-08-03T09:00:00,0.0,0.0
2024-08-03T10:00:00,0.0,0.0
2024-08-03T11:00:00,0.34537628,2.3883367
2024-08-03T12:00:00,0.6718965,2.263036
2024-08-03T13:00:00,0.9741022,2.091978
2024-08-03T14:00:00,0.9966093,0.15785132
2024-08-03T15:00:00,0.99856436,0.01380528
2024-08-03T16:00:00,0.9987473,0.0012926228
2024-08-03T17:00:00,0.9987645,0.00012188572
2024-08-03T18:00:00,0.9987661,1.1640363e-05
2024-08-03T19:00:00,0.8443758,-0.8894348
2024-08-03T20:00:00,0.57767457,-1.555962
2024-08-03T21:00:00,0.3160423,-1.5255301
2024-08-03T22:00:00,0.24162072,-0.42489508
2024-08-03T23:00:00,0.10006052,-0.8143437
2024-08-04T00:00:00,0.08373508,-0.09259895
2024-08-04T01:00:00,0.0026512851,-0.47495067
2024-08-04T02:00:00,4.892904e-06,-0.015529979
2024-08-04T03:00:00,8.3559195e-09,-2.8713317e-05
2024-08-04T04:00:00,1.6049589e-11,-4.9119418e-08
2024-08-04T05:00:00,0.0,-9.4464804e-11
2024-08-04T06:00:00,0.0,0.0
2024-08-04T07:00:00,0.0,0.0
2024-08-04T08:00:00,0.0,0.0
2024-08-04T09:00:00,0.0,0.0
2024-08-04T10:00:00,0.0,0.0
2024-08-04T11:00:00,0.0,0.0
2024-08-04T12:00:00,0.0,0.0
2024-08-04T13:00:00,0.0,0.0
2024-08-04T14:00:00,0.0,0.0
2024-08-04T15:00:00,0.0,0.0
2024-08-04T16:00:00,0.0,0.0
2024-08-04T17:00:00,0.10089571,0.7197131
2024-08-04T18:00:00,0.1354416,0.24869998
2024-08-04T19:00:00,0.20207858,0.4775791
2024-08-04T20:00:00,0.00523987,-1.1549155
2024-08-04T21:00:00,0.019934379,0.10608595
2024-08-04T22:00:00,0.0001318421,-0.11309928
2024-08-04T23:00:00,1.3216561e-06,-0.00075299677
2024-08-05T00:00:00,2.8336489e-08,-7.6248807e-06
2024-08-05T01:00:00,0.0,-1.6356367e-07
2024-08-05T02:00:00,0.0,0.0
2024-08-05T03:00:00,0.0,0.0
2024-08-05T04:00:00,0.0,0.0
2024-08-05T05:00:00,0.0,0.0
2024-08-05T06:00:00,0.0,0.0
2024-08-05T07:00:00,0.0,0.0
2024-08-05T08:00:00,0.0,0.0
2024-08-05T09:00:00,0.0,0.0
2024-08-05T10:00:00,0.0,0.0
2024-08-05T11:00:00,0.33509707,2.320096
2024-08-05T12:00:00,0.6914224,2.4608526
2024-08-05T13:00:00,0.97421974,1.9669341
2024-08-05T14:00:00,0.9966077,0.1570213
2024-08-05T15:00:00,0.9985532,0.013737431
2024-08-05T16:00:00,0.9893323,-0.052259848
2024-08-05T17:00:00,0.99770564,0.060299676
2024-08-05T18:00:00,0.99863386,0.006710126
2024-08-05T19:00:00,0.8326734,-0.9573365
2024-08-05T20:00:00,0.66547567,-0.96460766
2024-08-05T21:00:00,0.2710676,-2.3338776
2024-08-05T22:00:00,0.024875388,-1.4330378
2024-08-05T23:00:00,0.0,-0.14367734
2024-08-06T00:00:00,0.0,0.0
2024-08-06T01:00:00,0.0,0.0
2024-08-06T02:00:00,0.0,0.0
2024-08-06T03:00:00,0.0,0.0
2024-08-06T04:00:00,0.0,0.0
2024-08-06T05:00:00,0.0,0.0
2024-08-06T06:00:00,0.0,0.0
2024-08-06T07:00:00,0.0,0.0
2024-08-06T08:00:00,0.0,0.0
2024-08-06T09:00:00,0.0,0.0
2024-08-06T10:00:00,0.10775281,0.767911
2024-08-06T11:00:00,0.41240287,2.1170352
2024-08-06T12:00:00,0.71016365,2.0708928
2024-08-06T13:00:00,0.7419694,0.22906184
2024-08-06T14:00:00,0.97865003,1.6433668
2024-08-06T15:00:00,0.9969619,0.12860258
2024-08-06T16:00:00,0.9985582,0.0114060445
2024-08-06T17:00:00,0.998726,0.0011894655
2024-08-06T18:00:00,0.99874234,0.000115622315
2024-08-06T19:00:00,0.9987439,1.10990295e-05
2024-08-06T20:00:00,0.9987441,1.1807607e-06
2024-08-06T21:00:00,0.9987441,3.6345654e-08
2024-08-06T22:00:00,0.78906125,-1.2155168
2024-08-06T23:00:00,0.52080476,-1.5653057
2024-08-07T00:00:00,0.45281756,-0.38787803
2024-08-07T01:00:00,0.44998085,-0.016065586
2024-08-07T02:00:00,0.28708535,-0.93933195
2024-08-07T03:00:00,0.046931095,-1.3969421
2024-08-07T04:00:00,0.0577467,0.07812578
2024-08-07T05:00:00,0.00096315873,-0.32744896
2024-08-07T06:00:00,0.0049584396,0.028887857
2024-08-07T07:00:00,0.00015876738,-0.028089045
2024-08-07T08:00:00,0.0,-0.00092284475
2024-08-07T09:00:00,0.0,0.0
2024-08-07T10:00:00,0.33949444,2.349308
2024-08-07T11:00:00,0.69733757,2.4708908
2024-08-07T12:00:00,0.9763212,1.9289476
2024-08-07T13:00:00,0.9967443,0.14344253
2024-08-07T14:00:00,0.9985476,0.01273426
2024-08-07T15:00:00,0.9987164,0.00119283
2024-08-07T16:00:00,0.9987323,0.00011250181
2024-08-07T17:00:00,0.9987338,1.06488305e-05
2024-08-07T18:00:00,0.998734,1.112034e-06
2024-08-07T19:00:00,0.998734,-3.2380647e-08
2024-08-07T20:00:00,0.998734,-3.238081e-08
2024-08-07T21:00:00,0.93335485,-0.37288898
2024-08-07T22:00:00,0.85298896,-0.45914024
2024-08-07T23:00:00,0.7683786,-0.48362043
2024-08-08T00:00:00,0.6154578,-0.8808235
2024-08-08T01:00:00,0.5412206,-0.4238333
2024-08-08T02:00:00,0.5353726,-0.033131015
2024-08-08T03:00:00,0.45927015,-0.434574
2024-08-08T04:00:00,0.40636763,-0.30130517
2024-08-08T05:00:00,0.14829637,-1.5041715
2024-08-08T06:00:00,0.058113754,-0.5157943
2024-08-08T07:00:00,0.00048752787,-0.33237827
2024-08-08T08:00:00,9.728648e-06,-0.0028119779
2024-08-08T09:00:00,0.08552882,0.611311
2024-08-08T10:00:00,0.41875413,2.307653
2024-08-08T11:00:00,0.7736053,2.4510994
2024-08-08T12:00:00,0.9801492,1.4407681
2024-08-08T13:00:00,0.99703884,0.11887975
2024-08-08T14:00:00,0.9985661,0.010785515
2024-08-08T15:00:00,0.8282718,-0.9828154
2024-08-08T16:00:00,0.78953075,-0.22029708
2024-08-08T17:00:00,0.74276364,-0.266177
2024-08-08T18:00:00,0.5362991,-1.196427
2024-08-08T19:00:00,0.35256684,-1.0619756
2024-08-08T20:00:00,0.26873505,-0.47912824
2024-08-08T21:00:00,0.097542904,-0.98809713
2024-08-08T22:00:00,0.0,-0.5598521
2024-08-08T23:00:00,0.0,0.0
2024-08-09T00:00:00,0.01643181,0.11859888
2024-08-09T01:00:00,0.00031836776,-0.09325028
2024-08-09T02:00:00,0.0,-0.001824042
2024-08-09T03:00:00,0.048951373,0.35169393
2024-08-09T04:00:00,0.00084010005,-0.2790775
2024-08-09T05:00:00,0.0,-0.004785573
2024-08-09T06:00:00,0.0,0.0
2024-08-09T07:00:00,0.0,0.0
2024-08-09T08:00:00,0.0,0.0
2024-08-09T09:00:00,0.078423604,0.5611378
2024-08-09T10:00:00,0.27804917,1.4054594
2024-08-09T11:00:00,0.47687417,1.3999678
2024-08-09T12:00:00,0.7540021,1.9322599
2024-08-09T13:00:00,0.801414,0.34070727
2024-08-09T14:00:00,0.92203516,0.8581254
2024-08-09T15:00:00,0.9907241,0.49074346
2024-08-09T16:00:00,0.97257686,-0.10295321
2024-08-09T17:00:00,0.9959946,0.1672736
2024-08-09T18:00:00,0.8110274,-1.0692624
2024-08-09T19:00:00,0.40860862,-2.3833988
2024-08-09T20:00:00,0.10436939,-1.7823774
2024-08-09T21:00:00,0.103065334,-0.007384165
2024-08-09T22:00:00,0.07415039,-0.16424009
2024-08-09T23:00:00,0.00063787797,-0.4211825
2024-08-10T00:00:00,0.0,-0.0036361055
2024-08-10T01:00:00,0.037458878,0.26956016
2024-08-10T02:00:00,0.0003261092,-0.21321306
2024-08-10T03:00:00,0.0,-0.0018704416
2024-08-10T04:00:00,0.0,0.0
2024-08-10T05:00:00,0.0,0.0
2024-08-10T06:00:00,0.0,0.0
2024-08-10T07:00:00,0.0,0.0
2024-08-10T08:00:00,0.0,0.0
2024-08-10T09:00:00,0.0,0.0
2024-08-10T10:00:00,0.32689965,2.2655625
2024-08-10T11:00:00,0.668664,2.3643758
2024-08-10T12:00:00,0.9628752,2.0470903
2024-08-10T13:00:00,0.9950618,0.2292984
2024-08-10T14:00:00,0.9983635,0.02330283
2024-08-10T15:00:00,0.99867094,0.0021719616
2024-08-10T16:00:00,0.99869984,0.00020432976
2024-08-10T17:00:00,0.9987026,1.9315912e-05
2024-08-10T18:00:00,0.788907,-1.2161859
2024-08-10T19:00:00,0.47380453,-1.8482475
2024-08-10T20:00:00,0.27170843,-1.1705366
2024-08-10T21:00:00,0.32173434,0.35935998
2024-08-10T22:00:00,0.071366236,-1.4580256
2024-08-10T23:00:00,0.0,-0.41077647
2024-08-11T00:00:00,0.0,0.0
2024-08-11T01:00:00,0.0,0.0
2024-08-11T02:00:00,0.0,0.0
2024-08-11T03:00:00,0.0,0.0
2024-08-11T04:00:00,0.0,0.0
2024-08-11T05:00:00,0.0,0.0
2024-08-11T06:00:00,0.0,0.0
2024-08-11T07:00:00,0.0,0.0
2024-08-11T08:00:00,0.0,0.0
2024-08-11T09:00:00,0.0,0.0
2024-08-11T10:00:00,0.0,0.0
2024-08-11T11:00:00,0.35351175,2.442235
2024-08-11T12:00:00,0.6928606,2.3483412
2024-08-11T13:00:00,0.9750584,1.9573342
2024-08-11T14:00:00,0.9966193,0.15125856
2024-08-11T15:00:00,0.99849826,0.0132679995
2024-08-11T16:00:00,0.9986722,0.0012424814
2024-08-11T17:00:00,0.81028396,-1.0894582
2024-08-11T18:00:00,0.4546746,-2.095245
2024-08-11T19:00:00,0.10562275,-2.0551114
2024-08-11T20:00:00,0.0,-0.6134789
2024-08-11T21:00:00,0.0,0.0
2024-08-11T22:00:00,0.0,0.0
2024-08-11T23:00:00,0.0,0.0
2024-08-12T00:00:00,0.0,0.0
2024-08-12T01:00:00,0.0,0.0
2024-08-12T02:00:00,0.0,0.0
2024-08-12T03:00:00,0.0,0.0
2024-08-12T04:00:00,0.0,0.0
2024-08-12T05:00:00,0.0,0.0
2024-08-12T06:00:00,0.0,0.0
2024-08-12T07:00:00,0.0,0.0
2024-08-12T08:00:00,0.01255729,0.09068413
2024-08-12T09:00:00,0.112113014,0.7102843
2024-08-12T10:00:00,0.06986385,-0.24034066
2024-08-12T11:00:00,0.42198992,2.4330616
2024-08-12T12:00:00,0.7614585,2.3491364
2024-08-12T13:00:00,0.979189,1.5182384
2024-08-12T14:00:00,0.9966597,0.12475582
2024-08-12T15:00:00,0.9984712,0.012942604
2024-08-12T16:00:00,0.9986587,0.0013489112
2024-08-12T17:00:00,0.9416367,-0.32491836
2024-08-12T18:00:00,0.5832034,-2.112546
2024-08-12T19:00:00,0.35334218,-1.3355203
2024-08-12T20:00:00,0.24516006,-0.61999696
2024-08-12T21:00:00,0.01220823,-1.3539482
2024-08-12T22:00:00,0.00013764318,-0.070955925
2024-08-12T23:00:00,0.0,-0.0007896154
2024-08-13T00:00:00,0.0,0.0
2024-08-13T01:00:00,0.0,0.0
2024-08-13T02:00:00,0.0,0.0
2024-08-13T03:00:00,0.0,0.0
2024-08-13T04:00:00,0.0,0.0
2024-08-13T05:00:00,0.0,0.0
2024-08-13T06:00:00,0.009914168,0.07162354
2024-08-13T07:00:00,0.00011516261,-0.056210406
2024-08-13T08:00:00,1.3851537e-06,-0.00066061167
2024-08-13T09:00:00,7.6669044e-09,-8.0424425e-06
2024-08-13T10:00:00,0.0,-4.4232586e-08
2024-08-13T11:00:00,0.29399732,2.045655
2024-08-13T12:00:00,0.6135835,2.2168243
2024-08-13T13:00:00,0.937363,2.244779
2024-08-13T14:00:00,0.9927644,0.39237884
2024-08-13T15:00:00,0.998125,0.037808023
2024-08-13T16:00:00,0.9986103,0.0034999722
2024-08-13T17:00:00,0.90794116,-0.51860535
2024-08-13T18:00:00,0.8582823,-0.28272742
2024-08-13T19:00:00,0.49277768,-2.1559153
2024-08-13T20:00:00,0.14797276,-2.0291498
2024-08-13T21:00:00,0.0,-0.85705227
2024-08-13T22:00:00,0.0,0.0
2024-08-13T23:00:00,0.0,0.0
2024-08-14T00:00:00,0.0,0.0
2024-08-14T01:00:00,0.028171508,0.20299287
2024-08-14T02:00:00,0.00027254422,-0.16013983
2024-08-14T03:00:00,0.0,-0.0015543373
2024-08-14T04:00:00,0.028308721,0.20397761
2024-08-14T05:00:00,0.017525923,-0.06112255
2024-08-14T06:00:00,0.00028292293,-0.0993461
2024-08-14T07:00:00,0.0,-0.0016182816
2024-08-14T08:00:00,0.0,0.0
2024-08-14T09:00:00,0.0,0.0
2024-08-14T10:00:00,0.0,0.0
2024-08-14T11:00:00,0.1256484,0.8932863
2024-08-14T12:00:00,0.4671571,2.3626795
2024-08-14T13:00:00,0.7289983,1.8291177
2024-08-14T14:00:00,0.9777441,1.7258525
2024-08-14T15:00:00,0.9968113,0.1338708
2024-08-14T16:00:00,0.99845445,0.011840244
2024-08-14T17:00:00,0.8333387,-0.95237315
2024-08-14T18:00:00,0.7121254,-0.6956993
2024-08-14T19:00:00,0.5257845,-1.0773699
2024-08-14T20:00:00,0.33262134,-1.1176724
2024-08-14T21:00:00,0.0058127195,-1.9245995
2024-08-14T22:00:00,0.0,-0.034044083
2024-08-14T23:00:00,0.0,0.0
2024-08-15T00:00:00,0.0,0.0
2024-08-15T01:00:00,0.0,0.0
2024-08-15T02:00:00,0.0,0.0
2024-08-15T03:00:00,0.0,0.0
2024-08-15T04:00:00,0.0,0.0
2024-08-15T05:00:00,0.0,0.0
2024-08-15T06:00:00,0.0,0.0
2024-08-15T07:00:00,0.0,0.0
2024-08-15T08:00:00,0.0,0.0
2024-08-15T09:00:00,0.0,0.0
2024-08-15T10:00:00,0.0,0.0
2024-08-15T11:00:00,0.3538852,2.4447067
2024-08-15T12:00:00,0.70833766,2.4484608
2024-08-15T13:00:00,0.97546947,1.8580177
2024-08-15T14:00:00,0.99659365,0.14836486
2024-08-15T15:00:00,0.9984587,0.013169338
2024-08-15T16:00:00,0.9986301,0.0012330847
2024-08-15T17:00:00,0.9462886,-0.2980913
2024-08-15T18:00:00,0.8404665,-0.6063103
2024-08-15T19:00:00,0.793508,-0.2672721
2024-08-15T20:00:00,0.70365703,-0.51387817
2024-08-15T21:00:00,0.3945028,-1.8121606
2024-08-15T22:00:00,0.108932994,-1.669538
2024-08-15T23:00:00,0.0,-0.63225394
2024-08-16T00:00:00,0.0,0.0
2024-08-16T01:00:00,0.0,0.0
2024-08-16T02:00:00,0.0,0.0
2024-08-16T03:00:00,0.0,0.0
2024-08-16T04:00:00,0.0,0.0
2024-08-16T05:00:00,0.0,0.0
2024-08-16T06:00:00,0.0,0.0
2024-08-16T07:00:00,0.0,0.0
2024-08-16T08:00:00,0.0,0.0
2024-08-16T09:00:00,0.0,0.0
2024-08-16T10:00:00,0.0,0.0
2024-08-16T11:00:00,0.35110903,2.4263268
2024-08-16T12:00:00,0.7033651,2.4339223
2024-08-16T13:00:00,0.87992734,1.2468148
2024-08-16T14:00:00,0.9887397,0.7597741
2024-08-16T15:00:00,0.9977327,0.06337097
2024-08-16T16:00:00,0.99855596,0.005815645
2024-08-16T17:00:00,0.9986319,0.000546756
2024-08-16T18:00:00,0.9986404,6.0760867e-05
2024-08-16T19:00:00,0.8454876,-0.8821829
2024-08-16T20:00:00,0.52111155,-1.9046023
2024-08-16T21:00:00,0.28945652,-1.3462145
2024-08-16T22:00:00,0.076433815,-1.2353423
2024-08-16T23:00:00,0.00091008324,-0.44324818
2024-08-17T00:00:00,0.0,-0.005289214
2024-08-17T01:00:00,0.0,0.0
2024-08-17T02:00:00,0.0,0.0
2024-08-17T03:00:00,0.0,0.0
2024-08-17T04:00:00,0.0,0.0
2024-08-17T05:00:00,0.0,0.0
2024-08-17T06:00:00,0.0,0.0
2024-08-17T07:00:00,0.0,0.0
2024-08-17T08:00:00,0.0,0.0
2024-08-17T09:00:00,0.0,0.0
2024-08-17T10:00:00,0.11610443,0.8264955
2024-08-17T11:00:00,0.47162008,2.455496
2024-08-17T12:00:00,0.78161395,2.1527765
2024-08-17T13:00:00,0.7963079,0.106082
2024-08-17T14:00:00,0.98090434,1.2948773
2024-08-17T15:00:00,0.99704826,0.11345375
2024-08-17T16:00:00,0.9984778,0.010132113
2024-08-17T17:00:00,0.9986162,0.0009828917
2024-08-17T18:00:00,0.9986297,9.711403e-05
2024-08-17T19:00:00,0.9986312,1.0901385e-05
2024-08-17T20:00:00,0.8535693,-0.8348167
2024-08-17T21:00:00,0.7072349,-0.84226066
2024-08-17T22:00:00,0.748961,0.30008698
2024-08-17T23:00:00,0.49808004,-1.4610952
2024-08-18T00:00:00,0.25994214,-1.3848989
2024-08-18T01:00:00,0.1224165,-0.79077506
2024-08-18T02:00:00,0.10268987,-0.11193353
2024-08-18T03:00:00,0.029349938,-0.41866857
2024-08-18T04:00:00,0.0,-0.16751382
2024-08-18T05:00:00,0.0,0.0
2024-08-18T06:00:00,0.0,0.0
2024-08-18T07:00:00,0.0,0.0
2024-08-18T08:00:00,0.0,0.0
2024-08-18T09:00:00,0.0,0.0
2024-08-18T10:00:00,0.12136488,0.86333
2024-08-18T11:00:00,0.47916156,2.470584
2024-08-18T12:00:00,0.8161562,2.332705
2024-08-18T13:00:00,0.98319626,1.1677812
2024-08-18T14:00:00,0.99723387,0.09871904
2024-08-18T15:00:00,0.998485,0.008877843
2024-08-18T16:00:00,0.99860823,0.000870367
2024-08-18T17:00:00,0.9986198,8.186472e-05
2024-08-18T18:00:00,0.9986209,7.859178e-06
2024-08-18T19:00:00,0.998621,6.112138e-07
2024-08-18T20:00:00,0.9749699,-0.13426098
2024-08-18T21:00:00,0.8320324,-0.8223946
2024-08-18T22:00:00,0.5092716,-1.8947781
2024-08-18T23:00:00,0.37491181,-0.77229595
2024-08-19T00:00:00,0.23107037,-0.8276795
2024-08-19T01:00:00,0.19582063,-0.20036535
2024-08-19T02:00:00,0.082950845,-0.6472038
2024-08-19T03:00:00,0.000631936,-0.47040147
2024-08-19T04:00:00,7.743633e-06,-0.003611122
2024-08-19T05:00:00,0.0,-4.473962e-05
2024-08-19T06:00:00,0.0,0.0
2024-08-19T07:00:00,0.0,0.0
2024-08-19T08:00:00,0.0,0.0
2024-08-19T09:00:00,0.0,0.0
2024-08-19T10:00:00,0.0,0.0
2024-08-19T11:00:00,0.043041382,0.3094896
2024-08-19T12:00:00,0.15493836,0.7969975
2024-08-19T13:00:00,0.41104907,1.7903574
2024-08-19T14:00:00,0.76641685,2.4545178
2024-08-19T15:00:00,0.9689687,1.425523
2024-08-19T16:00:00,0.99597746,0.18971209
2024-08-19T17:00:00,0.99832034,0.016855007
2024-08-19T18:00:00,0.9373269,-0.34770337
2024-08-19T19:00:00,0.7267621,-1.2207507
2024-08-19T20:00:00,0.5706746,-0.89938414
2024-08-19T21:00:00,0.5222254,-0.2758032
2024-08-19T22:00:00,0.19417001,-1.926993
2024-08-19T23:00:00,0.0,-1.1371381
2024-08-20T00:00:00,0.0,0.0
2024-08-20T01:00:00,0.0,0.0
2024-08-20T02:00:00,0.0,0.0
2024-08-20T03:00:00,0.0,0.0
2024-08-20T04:00:00,0.0,0.0
2024-08-20T05:00:00,0.0,0.0
2024-08-20T06:00:00,0.0,0.0
2024-08-20T07:00:00,0.0,0.0
2024-08-20T08:00:00,0.09744089,0.6953962
2024-08-20T09:00:00,0.00060412014,-0.5592553
2024-08-20T10:00:00,0.0,-0.003452793
2024-08-20T11:00:00,0.0,0.0
2024-08-20T12:00:00,0.0,0.0
2024-08-20T13:00:00,0.0,0.0
2024-08-20T14:00:00,0.0,0.0
2024-08-20T15:00:00,0.0,0.0
2024-08-20T16:00:00,0.0,0.0
2024-08-20T17:00:00,0.0,0.0
2024-08-20T18:00:00,0.0,0.0
2024-08-20T19:00:00,0.0,0.0
2024-08-20T20:00:00,0.0,0.0
2024-08-20T21:00:00,0.0,0.0
2024-08-20T22:00:00,0.0,0.0
2024-08-20T23:00:00,0.0,0.0
2024-08-21T00:00:00,0.0,0.0
2024-08-21T01:00:00,0.0,0.0
2024-08-21T02:00:00,0.028194748,0.20315966
2024-08-21T03:00:00,1.9121499e-05,-0.16027246
2024-08-21T04:00:00,4.0598994e-08,-0.00010876953
2024-08-21T05:00:00,8.692171e-11,-2.3143214e-07
2024-08-21T06:00:00,7.5670373e-13,-4.9655513e-10
2024-08-21T07:00:00,0.0,-4.3289e-12
2024-08-21T08:00:00,0.0,0.0
2024-08-21T09:00:00,0.0,0.0
2024-08-21T10:00:00,0.0,0.0
2024-08-21T11:00:00,0.19596127,1.380315
2024-08-21T12:00:00,0.37894532,1.2910802
2024-08-21T13:00:00,0.45062706,0.51337564
2024-08-21T14:00:00,0.5772028,0.8997671
2024-08-21T15:00:00,0.82060456,1.7042081
2024-08-21T16:00:00,0.85004926,0.21212868
2024-08-21T17:00:00,0.9841357,0.9507282
2024-08-21T18:00:00,0.99696344,0.09257027
2024-08-21T19:00:00,0.99842346,0.010472181
2024-08-21T20:00:00,0.9756213,-0.12942964
2024-08-21T21:00:00,0.78444856,-1.1059077
2024-08-21T22:00:00,0.4621297,-1.8920912
2024-08-21T23:00:00,0.1940076,-1.5644984
2024-08-22T00:00:00,0.0,-1.1278781
2024-08-22T01:00:00,0.0,0.0
2024-08-22T02:00:00,0.0,0.0
2024-08-22T03:00:00,0.0,0.0
2024-08-22T04:00:00,0.0,0.0
2024-08-22T05:00:00,0.0,0.0
2024-08-22T06:00:00,0.0,0.0
2024-08-22T07:00:00,0.0,0.0
2024-08-22T08:00:00,0.0,0.0
2024-08-22T09:00:00,0.006135813,0.044351336
2024-08-22T10:00:00,0.00018711701,-0.034769423
2024-08-22T11:00:00,0.29086494,2.0233767
2024-08-22T12:00:00,0.6001374,2.1479542
2024-08-22T13:00:00,0.87264276,1.9011093
2024-08-22T14:00:00,0.9886908,0.8060646
2024-08-22T15:00:00,0.9976706,0.0633531
2024-08-22T16:00:00,0.9984972,0.005882078
2024-08-22T17:00:00,0.99857944,0.00059182645
2024-08-22T18:00:00,0.9985885,6.5395274e-05
2024-08-22T19:00:00,0.9581923,-0.22975187
2024-08-22T20:00:00,0.8955098,-0.3574002
2024-08-22T21:00:00,0.7573055,-0.794738
2024-08-22T22:00:00,0.603286,-0.8872614
2024-08-22T23:00:00,0.37236047,-1.3418652
2024-08-23T00:00:00,0.17461081,-1.1448019
2024-08-23T01:00:00,0.0,-1.0094519
2024-08-23T02:00:00,0.0,0.0
2024-08-23T03:00:00,0.0,0.0
2024-08-23T04:00:00,0.0,0.0
2024-08-23T05:00:00,0.0,0.0
2024-08-23T06:00:00,0.0,0.0
2024-08-23T07:00:00,0.0,0.0
2024-08-23T08:00:00,0.0,0.0
2024-08-23T09:00:00,0.0,0.0
2024-08-23T10:00:00,0.0,0.0
2024-08-23T11:00:00,0.3586872,2.476472
2024-08-23T12:00:00,0.7096838,2.4255822
2024-08-23T13:00:00,0.9744724,1.8489443
2024-08-23T14:00:00,0.99646896,0.15428777
2024-08-23T15:00:00,0.9983757,0.013509032
2024-08-23T16:00:00,0.99856055,0.0013057482
2024-08-23T17:00:00,0.9985778,0.00012280414
2024-08-23T18:00:00,0.99857956,1.2558772e-05
2024-08-23T19:00:00,0.98956287,-0.05110133
2024-08-23T20:00:00,0.75499314,-1.3636
2024-08-23T21:00:00,0.55219305,-1.1747073
2024-08-23T22:00:00,0.33350012,-1.2690346
2024-08-23T23:00:00,0.17411536,-0.9187242
2024-08-24T00:00:00,0.0016125133,-1.0036341
2024-08-24T01:00:00,0.00364753,0.014718322
2024-08-24T02:00:00,3.8631977e-05,-0.02065706
2024-08-24T03:00:00,0.0,-0.00021988385
2024-08-24T04:00:00,0.07176967,0.51399916
2024-08-24T05:00:00,0.00029653285,-0.41046813
2024-08-24T06:00:00,7.813451e-07,-0.0017029794
2024-08-24T07:00:00,0.0,-4.440895e-06
2024-08-24T08:00:00,0.0,0.0
2024-08-24T09:00:00,0.0,0.0
2024-08-24T10:00:00,0.05531168,0.39703685
2024-08-24T11:00:00,0.21145344,1.1055765
2024-08-24T12:00:00,0.5392953,2.2718356
2024-08-24T13:00:00,0.8651241,2.258431
2024-08-24T14:00:00,0.9884557,0.85405207
2024-08-24T15:00:00,0.9975975,0.0647255
2024-08-24T16:00:00,0.998473,0.006217641
2024-08-24T17:00:00,0.9985596,0.0006145825
2024-08-24T18:00:00,0.83895886,-0.9199915
2024-08-24T19:00:00,0.4729352,-2.159101
2024-08-24T20:00:00,0.30407315,-0.97439235
2024-08-24T21:00:00,0.14134313,-0.93836033
2024-08-24T22:00:00,0.083100595,-0.33191866
2024-08-24T23:00:00,0.00038697929,-0.4735824
2024-08-25T00:00:00,4.3260536e-07,-0.002215676
2024-08-25T01:00:00,0.0,-2.4562635e-06
2024-08-25T02:00:00,0.015690498,0.113260336
2024-08-25T03:00:00,0.00030290155,-0.08903394
2024-08-25T04:00:00,0.0,-0.0017440096
2024-08-25T05:00:00,0.0,0.0
2024-08-25T06:00:00,0.0,0.0
2024-08-25T07:00:00,0.0,0.0
2024-08-25T08:00:00,0.0,0.0
2024-08-25T09:00:00,0.0,0.0
2024-08-25T10:00:00,0.0,0.0
2024-08-25T11:00:00,0.0037400392,0.027043324
2024-08-25T12:00:00,0.06998723,0.4748112
2024-08-25T13:00:00,0.31887093,1.7413999
2024-08-25T14:00:00,0.6590192,2.3536487
2024-08-25T15:00:00,0.90353423,1.7117648
2024-08-25T16:00:00,0.9905404,0.608161
2024-08-25T17:00:00,0.9978215,0.051318545
2024-08-25T18:00:00,0.99848956,0.0047190916
2024-08-25T19:00:00,0.99855137,0.0004435552
2024-08-25T20:00:00,0.998558,4.796889e-05
2024-08-25T21:00:00,0.78836936,-1.2185181
2024-08-25T22:00:00,0.4900951,-1.7462745
2024-08-25T23:00:00,0.2699999,-1.2773734
2024-08-26T00:00:00,0.071866006,-1.1470758
2024-08-26T01:00:00,0.0,-0.41548473
2024-08-26T02:00:00,0.0,0.0
2024-08-26T03:00:00,0.0,0.0
2024-08-26T04:00:00,0.0,0.0
2024-08-26T05:00:00,0.0,0.0
2024-08-26T06:00:00,0.0,0.0
2024-08-26T07:00:00,0.0,0.0
2024-08-26T08:00:00,0.0,0.0
2024-08-26T09:00:00,0.0,0.0
2024-08-26T10:00:00,0.026942842,0.19417338
2024-08-26T11:00:00,0.11366602,0.6198157
2024-08-26T12:00:00,0.47543004,2.4968076
2024-08-26T13:00:00,0.7975729,2.2338717
2024-08-26T14:00:00,0.981154,1.2862532
2024-08-26T15:00:00,0.99699426,0.1113277
2024-08-26T16:00:00,0.99838996,0.009949656
2024-08-26T17:00:00,0.96843016,-0.17019515
2024-08-26T18:00:00,0.9340529,-0.19538687
2024-08-26T19:00:00,0.7994526,-0.7736992
2024-08-26T20:00:00,0.4571853,-2.0136487
2024-08-26T21:00:00,0.0991214,-2.1102822
2024-08-26T22:00:00,0.0,-0.5805567
2024-08-26T23:00:00,0.0,0.0
2024-08-27T00:00:00,0.0,0.0
2024-08-27T01:00:00,0.0,0.0
2024-08-27T02:00:00,0.0,0.0
2024-08-27T03:00:00,0.0,0.0
2024-08-27T04:00:00,0.0,0.0
2024-08-27T05:00:00,0.0,0.0
2024-08-27T06:00:00,0.0,0.0
2024-08-27T07:00:00,0.0,0.0
2024-08-27T08:00:00,0.0,0.0
2024-08-27T09:00:00,0.0,0.0
2024-08-27T10:00:00,0.13989769,0.9926964
2024-08-27T11:00:00,0.21923712,0.56761914
2024-08-27T12:00:00,0.5777986,2.475641
2024-08-27T13:00:00,0.9172524,2.3490384
2024-08-27T14:00:00,0.99219567,0.52023613
2024-08-27T15:00:00,0.9979527,0.040596753
2024-08-27T16:00:00,0.9984838,0.0037515324
2024-08-27T17:00:00,0.9985336,0.00035261837
2024-08-27T18:00:00,0.9985383,3.370793e-05
2024-08-27T19:00:00,0.9985388,3.5716505e-06
2024-08-27T20:00:00,0.99853885,5.1987473e-07
2024-08-27T21:00:00,0.99853885,1.384024e-07
2024-08-27T22:00:00,0.9709317,-0.15678853
2024-08-27T23:00:00,0.7909493,-1.0398622
2024-08-28T00:00:00,0.61297864,-1.0280062
2024-08-28T01:00:00,0.57128185,-0.23718366
2024-08-28T02:00:00,0.58105886,0.07063397
2024-08-28T03:00:00,0.5142857,-0.38089967
2024-08-28T04:00:00,0.4989427,-0.08701667
2024-08-28T05:00:00,0.50521374,0.045328014
2024-08-28T06:00:00,0.35386088,-0.871638
2024-08-28T07:00:00,0.16522288,-1.0909332
2024-08-28T08:00:00,0.110973895,-0.30902082
2024-08-28T09:00:00,0.16955373,0.42030472
2024-08-28T10:00:00,0.3350681,1.1704934
2024-08-28T11:00:00,0.6925756,2.4686713
2024-08-28T12:00:00,0.9753235,1.9581182
2024-08-28T13:00:00,0.99648535,0.14852165
2024-08-28T14:00:00,0.9983385,0.013085032
2024-08-28T15:00:00,0.99851185,0.0012246913
2024-08-28T16:00:00,0.9985282,0.00011537119
2024-08-28T17:00:00,0.99852973,1.0847906e-05
2024-08-28T18:00:00,0.99852985,9.296393e-07
2024-08-28T19:00:00,0.99852985,1.6669524e-07
2024-08-28T20:00:00,0.82553923,-0.99867976
2024-08-28T21:00:00,0.5799448,-1.4294623
2024-08-28T22:00:00,0.4100743,-0.9803228
2024-08-28T23:00:00,0.2465656,-0.94293314
2024-08-29T00:00:00,0.15011358,-0.5520414
2024-08-29T01:00:00,0.15224163,0.015390954
2024-08-29T02:00:00,0.04621054,-0.60752213
2024-08-29T03:00:00,0.057804585,0.08373945
2024-08-29T04:00:00,0.00034206203,-0.32781368
2024-08-29T05:00:00,3.4405812e-06,-0.0019514043
2024-08-29T06:00:00,0.0,-1.9637582e-05
2024-08-29T07:00:00,0.0,0.0
2024-08-29T08:00:00,0.0,0.0
2024-08-29T09:00:00,0.0,0.0
2024-08-29T10:00:00,0.0012862947,0.009304168
2024-08-29T11:00:00,0.33455956,2.3079717
2024-08-29T12:00:00,0.58618015,1.7599499
2024-08-29T13:00:00,0.8712037,1.9853895
2024-08-29T14:00:00,0.98741496,0.8148273
2024-08-29T15:00:00,0.9975082,0.07107132
2024-08-29T16:00:00,0.99842405,0.006474021
2024-08-29T17:00:00,0.99850994,0.00061270595
2024-08-29T18:00:00,0.8846133,-0.6531674
2024-08-29T19:00:00,0.8545167,-0.17097467
2024-08-29T20:00:00,0.7512539,-0.59147614
2024-08-29T21:00:00,0.6045447,-0.84445345
2024-08-29T22:00:00,0.38728613,-1.2605077
2024-08-29T23:00:00,0.27717063,-0.6312146
2024-08-30T00:00:00,0.12974888,-0.848623
2024-08-30T01:00:00,0.0015702148,-0.7468904
2024-08-30T02:00:00,0.0007832863,-0.0044557033
2024-08-30T03:00:00,1.3175502e-05,-0.0044350806
2024-08-30T04:00:00,0.0,-7.520206e-05
2024-08-30T05:00:00,0.0,0.0
2024-08-30T06:00:00,0.0,0.0
2024-08-30T07:00:00,0.0,0.0
2024-08-30T08:00:00,0.0,0.0
2024-08-30T09:00:00,0.0,0.0
2024-08-30T10:00:00,0.0,0.0
2024-08-30T11:00:00,0.10093558,0.71999365
2024-08-30T12:00:00,0.45755175,2.4627762
2024-08-30T13:00:00,0.7527895,2.0539758
2024-08-30T14:00:00,0.979708,1.5726188
2024-08-30T15:00:00,0.9966039,0.12033242
2024-08-30T16:00:00,0.99833137,0.012198119
2024-08-30T17:00:00,0.998491,0.001142303
2024-08-30T18:00:00,0.78812027,-1.2195988
2024-08-30T19:00:00,0.4865041,-1.7664956
2024-08-30T20:00:00,0.36574286,-0.69306964
2024-08-30T21:00:00,0.22390962,-0.81593955
2024-08-30T22:00:00,0.011175049,-1.2336314
2024-08-30T23:00:00,0.0,-0.06433126
2024-08-31T00:00:00,0.0,0.0
2024-08-31T01:00:00,0.0,0.0
2024-08-31T02:00:00,0.0,0.0
2024-08-31T03:00:00,0.0,0.0
2024-08-31T04:00:00,0.0,0.0
2024-08-31T05:00:00,0.0,0.0
2024-08-31T06:00:00,0.0,0.0
2024-08-31T07:00:00,0.0,0.0
2024-08-31T08:00:00,0.0,0.0
2024-08-31T09:00:00,0.0,0.0
2024-08-31T10:00:00,0.0,0.0
2024-08-31T11:00:00,0.32429874,2.2482386
2024-08-31T12:00:00,0.6410829,2.1981292
2024-08-31T13:00:00,0.9549036,2.178345
2024-08-31T14:00:00,0.9942037,0.2790178
2024-08-31T15:00:00,0.99804324,0.027495878
2024-08-31T16:00:00,0.9984556,0.0029226053
2024-08-31T17:00:00,0.9984957,0.0002835831
2024-08-31T18:00:00,0.99849945,2.685254e-05
2024-08-31T19:00:00,0.9984999,2.8198135e-06
2024-08-31T20:00:00,0.9411135,-0.32700825
2024-08-31T21:00:00,0.82410187,-0.6712664
2024-08-31T22:00:00,0.65119696,-0.9981754
2024-08-31T23:00:00,0.46467093,-1.0784627
2024-09-01T00:00:00,0.28338617,-1.0475401
2024-09-01T01:00:00,0.16179648,-0.6978894
2024-09-01T02:00:00,0.0018400918,-0.9286646
2024-09-01T03:00:00,0.0,-0.010563753
2024-09-01T04:00:00,0.0,0.0
2024-09-01T05:00:00,0.0,0.0
2024-09-01T06:00:00,0.0,0.0
2024-09-01T07:00:00,0.0,0.0
2024-09-01T08:00:00,0.0,0.0
2024-09-01T09:00:00,0.0,0.0
2024-09-01T10:00:00,0.0,0.0
2024-09-01T11:00:00,0.3305552,2.2898934
2024-09-01T12:00:00,0.6540401,2.242816
2024-09-01T13:00:00,0.91879153,1.8487817
2024-09-01T14:00:00,0.9915721,0.5100727
2024-09-01T15:00:00,0.99785185,0.044274643
2024-09-01T16:00:00,0.9984224,0.0040839156
2024-09-01T17:00:00,0.9984825,0.00043246703
2024-09-01T18:00:00,0.9984891,4.7561898e-05
2024-09-01T19:00:00,0.78811324,-1.2196295
2024-09-01T20:00:00,0.47212267,-1.8536395
2024-09-01T21:00:00,0.22619222,-1.4314721
2024-09-01T22:00:00,0.0912629,-0.77561927
2024-09-01T23:00:00,0.00063263875,-0.52461
2024-09-02T00:00:00,6.5654535e-06,-0.0036620065
2024-09-02T01:00:00,0.0,-3.7915677e-05
2024-09-02T02:00:00,0.0,0.0
2024-09-02T03:00:00,0.0,0.0
2024-09-02T04:00:00,0.0,0.0
2024-09-02T05:00:00,0.023290155,0.16793597
2024-09-02T06:00:00,0.00049126765,-0.13230035
2024-09-02T07:00:00,4.744946e-06,-0.0028507917
2024-09-02T08:00:00,0.0,-2.7669417e-05
2024-09-02T09:00:00,0.0,0.0
2024-09-02T10:00:00,0.030021274,0.21626493
2024-09-02T11:00:00,0.2189285,1.3318455
2024-09-02T12:00:00,0.525331,2.1287613
2024-09-02T13:00:00,0.7898634,1.8473022
2024-09-02T14:00:00,0.98196626,1.3351517
2024-09-02T15:00:00,0.9970002,0.105686724
2024-09-02T16:00:00,0.9508077,-0.2628897
2024-09-02T17:00:00,0.90739864,-0.24697125
2024-09-02T18:00:00,0.80181676,-0.6049176
2024-09-02T19:00:00,0.50418043,-1.7424165
2024-09-02T20:00:00,0.25601548,-1.4448416
2024-09-02T21:00:00,0.049476948,-1.1968658
2024-09-02T22:00:00,0.0,-0.2860228
2024-09-02T23:00:00,0.0,0.0
2024-09-03T00:00:00,0.0,0.0
2024-09-03T01:00:00,0.0,0.0
2024-09-03T02:00:00,0.0,0.0
2024-09-03T03:00:00,0.0,0.0
2024-09-03T04:00:00,0.0,0.0
2024-09-03T05:00:00,0.0,0.0
2024-09-03T06:00:00,0.0,0.0
2024-09-03T07:00:00,0.0,0.0
2024-09-03T08:00:00,0.0,0.0
2024-09-03T09:00:00,0.0,0.0
2024-09-03T10:00:00,0.03163419,0.22783196
2024-09-03T11:00:00,0.3373828,2.1243863
2024-09-03T12:00:00,0.6861688,2.4109383
2024-09-03T13:00:00,0.97531146,1.9987372
2024-09-03T14:00:00,0.99643683,0.14821407
2024-09-03T15:00:00,0.9982795,0.013010929
2024-09-03T16:00:00,0.9984519,0.0012177271
2024-09-03T17:00:00,0.9984679,0.00011451059
2024-09-03T18:00:00,0.9984696,1.1894664e-05
2024-09-03T19:00:00,0.99846977,1.2134518e-06
2024-09-03T20:00:00,0.99846977,6.90365e-08
2024-09-03T21:00:00,0.99846977,6.9036155e-08
2024-09-03T22:00:00,0.99846977,6.903581e-08
2024-09-03T23:00:00,0.99846977,6.9035465e-08
2024-09-04T00:00:00,0.8675338,-0.7523256
2024-09-04T01:00:00,0.750044,-0.6740458
2024-09-04T02:00:00,0.6675439,-0.47144645
2024-09-04T03:00:00,0.47472262,-1.1156512
2024-09-04T04:00:00,0.31380942,-0.92769396
2024-09-04T05:00:00,0.09407205,-1.2752452
2024-09-04T06:00:00,0.0,-0.5408485
2024-09-04T07:00:00,0.0,0.0
2024-09-04T08:00:00,0.0,0.0
2024-09-04T09:00:00,0.0,0.0
2024-09-04T10:00:00,0.0,0.0
2024-09-04T11:00:00,0.33802083,2.339522
2024-09-04T12:00:00,0.6913941,2.4413183
2024-09-04T13:00:00,0.97503805,1.9652317
2024-09-04T14:00:00,0.99640554,0.14990045
2024-09-04T15:00:00,0.99826765,0.013147765
2024-09-04T16:00:00,0.9984411,0.0012302037
2024-09-04T17:00:00,0.9984578,0.000120120596
2024-09-04T18:00:00,0.7879969,-1.2201343
2024-09-04T19:00:00,0.7108343,-0.44068027
2024-09-04T20:00:00,0.5391526,-0.99097747
2024-09-04T21:00:00,0.1990586,-2.00038
2024-09-04T22:00:00,0.00016352226,-1.1708317
2024-09-04T23:00:00,0.0,-0.0009307215
2024-09-05T00:00:00,0.0,0.0
2024-09-05T01:00:00,0.0,0.0
2024-09-05T02:00:00,0.0,0.0
2024-09-05T03:00:00,0.0,0.0
2024-09-05T04:00:00,0.0,0.0
2024-09-05T05:00:00,0.0,0.0
2024-09-05T06:00:00,0.0,0.0
2024-09-05T07:00:00,0.0,0.0
2024-09-05T08:00:00,0.0,0.0
2024-09-05T09:00:00,0.0,0.0
2024-09-05T10:00:00,0.065138705,0.46693817
2024-09-05T11:00:00,0.30890444,1.7066787
2024-09-05T12:00:00,0.6623381,2.4417179
2024-09-05T13:00:00,0.9730466,2.151127
2024-09-05T14:00:00,0.9962355,0.16258186
2024-09-05T15:00:00,0.9982428,0.014172162
2024-09-05T16:00:00,0.99842924,0.0013253352
2024-09-05T17:00:00,0.99844754,0.00013209133
2024-09-05T18:00:00,0.9984496,1.4979469e-05
2024-09-05T19:00:00,0.96622825,-0.1830892
2024-09-05T20:00:00,0.911664,-0.31082776
2024-09-05T21:00:00,0.6803008,-1.3444746
2024-09-05T22:00:00,0.49806482,-1.0531493
2024-09-05T23:00:00,0.19054724,-1.8022394
2024-09-06T00:00:00,0.08320241,-0.61514044
2024-09-06T01:00:00,0.002337559,-0.47679204
2024-09-06T02:00:00,8.127434e-06,-0.01378262
2024-09-06T03:00:00,0.0,-4.7762005e-05
2024-09-06T04:00:00,0.0,0.0
2024-09-06T05:00:00,0.0,0.0
2024-09-06T06:00:00,0.0,0.0
2024-09-06T07:00:00,0.0,0.0
2024-09-06T08:00:00,0.0,0.0
2024-09-06T09:00:00,0.0,0.0
2024-09-06T10:00:00,0.0,0.0
2024-09-06T11:00:00,0.29773527,2.0707219
2024-09-06T12:00:00,0.63594764,2.340794
2024-09-06T13:00:00,0.94865817,2.1709297
2024-09-06T14:00:00,0.9944289,0.31860495
2024-09-06T15:00:00,0.9980092,0.02567083
2024-09-06T16:00:00,0.99839944,0.0027565775
2024-09-06T17:00:00,0.9984359,0.00025908128
2024-09-06T18:00:00,0.92558837,-0.41583452
2024-09-06T19:00:00,0.77019185,-0.8953328
2024-09-06T20:00:00,0.43041778,-1.9984272
2024-09-06T21:00:00,0.23177156,-1.1501082
2024-09-06T22:00:00,0.001809012,-1.341895
2024-09-06T23:00:00,0.0,-0.010389043
2024-09-07T00:00:00,0.0,0.0
2024-09-07T01:00:00,0.0,0.0
2024-09-07T02:00:00,0.0,0.0
2024-09-07T03:00:00,0.0,0.0
2024-09-07T04:00:00,0.0,0.0
2024-09-07T05:00:00,0.0,0.0
2024-09-07T06:00:00,0.0,0.0
2024-09-07T07:00:00,0.0,0.0
2024-09-07T08:00:00,0.0,0.0
2024-09-07T09:00:00,0.0,0.0
2024-09-07T10:00:00,0.0,0.0
2024-09-07T11:00:00,0.0,0.0
2024-09-07T12:00:00,0.020402968,0.14717801
2024-09-07T13:00:00,0.109051645,0.6334102
2024-09-07T14:00:00,0.114485264,0.03927962
2024-09-07T15:00:00,0.0017499031,-0.64868104
2024-09-07T16:00:00,0.0,-0.009981408
2024-09-07T17:00:00,0.0,0.0
2024-09-07T18:00:00,0.0,0.0
2024-09-07T19:00:00,0.0,0.0
2024-09-07T20:00:00,0.0,0.0
2024-09-07T21:00:00,0.0,0.0
2024-09-07T22:00:00,0.042180337,0.30333495
2024-09-07T23:00:00,0.00022011508,-0.24024679
2024-09-08T00:00:00,0.0,-0.0012517816
2024-09-08T01:00:00,0.0,0.0
2024-09-08T02:00:00,0.0,0.0
2024-09-08T03:00:00,0.0,0.0
2024-09-08T04:00:00,0.0,0.0
2024-09-08T05:00:00,0.0,0.0
2024-09-08T06:00:00,0.0,0.0
2024-09-08T07:00:00,0.0,0.0
2024-09-08T08:00:00,0.0,0.0
2024-09-08T09:00:00,0.0,0.0
2024-09-08T10:00:00,0.0,0.0
2024-09-08T11:00:00,0.0,0.0
2024-09-08T12:00:00,0.04819236,0.34627753
2024-09-08T13:00:00,0.34834415,2.0869153
2024-09-08T14:00:00,0.6632238,2.1854165
2024-09-08T15:00:00,0.967424,2.1140242
2024-09-08T16:00:00,0.99507016,0.19842908
2024-09-08T17:00:00,0.9980685,0.021492505
2024-09-08T18:00:00,0.99839187,0.0023029444
2024-09-08T19:00:00,0.99842423,0.00023345965
2024-09-08T20:00:00,0.99842787,2.632042e-05
2024-09-08T21:00:00,0.88115996,-0.6727562
2024-09-08T22:00:00,0.6396516,-1.405033
2024-09-08T23:00:00,0.46226242,-1.0245801
2024-09-09T00:00:00,0.24252582,-1.2752407
2024-09-09T01:00:00,0.03175748,-1.2219588
2024-09-09T02:00:00,6.4885106e-05,-0.18411842
2024-09-09T03:00:00,6.7938595e-07,-0.0003769506
2024-09-09T04:00:00,0.0,-3.852936e-06
2024-09-09T05:00:00,0.0,0.0
2024-09-09T06:00:00,0.0,0.0
2024-09-09T07:00:00,0.0,0.0
2024-09-09T08:00:00,0.0,0.0
2024-09-09T09:00:00,0.0,0.0
2024-09-09T10:00:00,0.0,0.0
2024-09-09T11:00:00,0.34027544,2.3544931
2024-09-09T12:00:00,0.5866488,1.7243748
2024-09-09T13:00:00,0.81243145,1.5843415
2024-09-09T14:00:00,0.98323333,1.1903228
2024-09-09T15:00:00,0.9968685,0.09718479
2024-09-09T16:00:00,0.9982481,0.009919288
2024-09-09T17:00:00,0.99839884,0.0010897393
2024-09-09T18:00:00,0.8718451,-0.7267875
2024-09-09T19:00:00,0.79819417,-0.4204589
2024-09-09T20:00:00,0.50954485,-1.6881193
2024-09-09T21:00:00,0.18189055,-1.9245515
2024-09-09T22:00:00,0.0,-1.0526675
2024-09-09T23:00:00,0.0,0.0
2024-09-10T00:00:00,0.0,0.0
2024-09-10T01:00:00,0.0,0.0
2024-09-10T02:00:00,0.0,0.0
2024-09-10T03:00:00,0.0,0.0
2024-09-10T04:00:00,0.0,0.0
2024-09-10T05:00:00,0.0,0.0
2024-09-10T06:00:00,0.0,0.0
2024-09-10T07:00:00,0.0,0.0
2024-09-10T08:00:00,0.0,0.0
2024-09-10T09:00:00,0.0,0.0
2024-09-10T10:00:00,0.0,0.0
2024-09-10T11:00:00,0.3294541,2.2825668
2024-09-10T12:00:00,0.6774051,2.4054053
2024-09-10T13:00:00,0.9727326,2.0544322
2024-09-10T14:00:00,0.9961724,0.16432604
2024-09-10T15:00:00,0.99819934,0.014310338
2024-09-10T16:00:00,0.9983879,0.0013380067
2024-09-10T17:00:00,0.99840623,0.00013141129
2024-09-10T18:00:00,0.9984082,1.3917962e-05
2024-09-10T19:00:00,0.9984084,1.3293909e-06
2024-09-10T20:00:00,0.9984084,1.8497508e-07
2024-09-10T21:00:00,0.9984084,1.8497416e-07
2024-09-10T22:00:00,0.88172764,-0.66934323
2024-09-10T23:00:00,0.78336024,-0.56312555
2024-09-11T00:00:00,0.65310526,-0.74835545
2024-09-11T01:00:00,0.4835469,-0.978487
2024-09-11T02:00:00,0.3990434,-0.48300382
2024-09-11T03:00:00,0.19165558,-1.2019023
2024-09-11T04:00:00,0.0,-1.1096387
2024-09-11T05:00:00,0.0,0.0
2024-09-11T06:00:00,0.0,0.0
2024-09-11T07:00:00,0.0,0.0
2024-09-11T08:00:00,0.0,0.0
2024-09-11T09:00:00,0.0,0.0
2024-09-11T10:00:00,0.0,0.0
2024-09-11T11:00:00,0.3448828,2.3850641
2024-09-11T12:00:00,0.68392974,2.3463366
2024-09-11T13:00:00,0.97399443,2.012611
2024-09-11T14:00:00,0.99614066,0.15618683
2024-09-11T15:00:00,0.99813896,0.014450211
2024-09-11T16:00:00,0.9983741,0.0016609844
2024-09-11T17:00:00,0.99839604,0.00015607798
2024-09-11T18:00:00,0.99839824,1.5696332e-05
2024-09-11T19:00:00,0.9194279,-0.4510964
2024-09-11T20:00:00,0.83747125,-0.46831203
2024-09-11T21:00:00,0.8015464,-0.20421836
2024-09-11T22:00:00,0.60716003,-1.1249049
2024-09-11T23:00:00,0.38019297,-1.3182753
2024-09-12T00:00:00,0.15840086,-1.2874676
2024-09-12T01:00:00,0.077206545,-0.46391636
2024-09-12T02:00:00,0.014162084,-0.35947874
2024-09-12T03:00:00,0.0002466727,-0.08075203
2024-09-12T04:00:00,0.0,-0.0014114578
2024-09-12T05:00:00,0.0,0.0
2024-09-12T06:00:00,0.0,0.0
2024-09-12T07:00:00,0.0,0.0
2024-09-12T08:00:00,0.0,0.0
2024-09-12T09:00:00,0.0,0.0
2024-09-12T10:00:00,0.0,0.0
2024-09-12T11:00:00,0.0,0.0
2024-09-12T12:00:00,0.0,0.0
2024-09-12T13:00:00,0.02382868,0.17180592
2024-09-12T14:00:00,0.010064226,-0.07805034
2024-09-12T15:00:00,0.12910506,0.847063
2024-09-12T16:00:00,0.19604726,0.47974628
2024-09-12T17:00:00,0.16990516,-0.14844371
2024-09-12T18:00:00,0.03617861,-0.76860124
2024-09-12T19:00:00,0.0,-0.20722693
2024-09-12T20:00:00,0.0,0.0
2024-09-12T21:00:00,0.0,0.0
2024-09-12T22:00:00,0.0,0.0
2024-09-12T23:00:00,0.0,0.0
2024-09-13T00:00:00,0.0,0.0
2024-09-13T01:00:00,0.0,0.0
2024-09-13T02:00:00,0.0,0.0
2024-09-13T03:00:00,0.0,0.0
2024-09-13T04:00:00,0.0,0.0
2024-09-13T05:00:00,0.0,0.0
2024-09-13T06:00:00,0.0,0.0
2024-09-13T07:00:00,0.0,0.0
2024-09-13T08:00:00,0.0,0.0
2024-09-13T09:00:00,0.0,0.0
2024-09-13T10:00:00,0.0,0.0
2024-09-13T11:00:00,0.30387032,2.1118164
2024-09-13T12:00:00,0.5775877,1.9092803
2024-09-13T13:00:00,0.88293004,2.1216679
2024-09-13T14:00:00,0.9889652,0.738925
2024-09-13T15:00:00,0.9974106,0.060296144
2024-09-13T16:00:00,0.99829483,0.0062453975
2024-09-13T17:00:00,0.9983769,0.00058626285
2024-09-13T18:00:00,0.9983854,6.097608e-05
2024-09-13T19:00:00,0.92250293,-0.4333073
2024-09-13T20:00:00,0.63327813,-1.691593
2024-09-13T21:00:00,0.45746207,-1.0153141
2024-09-13T22:00:00,0.23650232,-1.2825158
2024-09-13T23:00:00,0.0010097699,-1.3727294
2024-09-14T00:00:00,0.0,-0.0058460473
2024-09-14T01:00:00,0.0,0.0
2024-09-14T02:00:00,0.0,0.0
2024-09-14T03:00:00,0.0,0.0
2024-09-14T04:00:00,0.0,0.0
2024-09-14T05:00:00,0.0,0.0
2024-09-14T06:00:00,0.0,0.0
2024-09-14T07:00:00,0.0,0.0
2024-09-14T08:00:00,0.0,0.0
2024-09-14T09:00:00,0.0,0.0
2024-09-14T10:00:00,0.0,0.0
2024-09-14T11:00:00,0.2687791,1.8759745
2024-09-14T12:00:00,0.6302861,2.4951096
2024-09-14T13:00:00,0.9713393,2.355791
2024-09-14T14:00:00,0.9960322,0.173039
2024-09-14T15:00:00,0.99812806,0.0150036225
2024-09-14T16:00:00,0.9983531,0.0015899277
2024-09-14T17:00:00,0.9983743,0.00014949008
2024-09-14T18:00:00,0.99837625,1.4067582e-05
2024-09-14T19:00:00,0.9983764,1.4790108e-06
2024-09-14T20:00:00,0.9983765,3.3459423e-07
2024-09-14T21:00:00,0.78769463,-1.2214456
2024-09-14T22:00:00,0.55431944,-1.3564734
2024-09-14T23:00:00,0.24328211,-1.82358
2024-09-15T00:00:00,0.2276167,-0.08884858
2024-09-15T01:00:00,0.10837153,-0.6842518
2024-09-15T02:00:00,0.000867453,-0.6218568
2024-09-15T03:00:00,1.4775405e-07,-0.0050177774
2024-09-15T04:00:00,0.0,-8.465729e-07
2024-09-15T05:00:00,0.0,0.0
2024-09-15T06:00:00,0.0,0.0
2024-09-15T07:00:00,0.0,0.0
2024-09-15T08:00:00,0.0,0.0
2024-09-15T09:00:00,0.0,0.0
2024-09-15T10:00:00,0.0,0.0
2024-09-15T11:00:00,0.31275633,2.1712356
2024-09-15T12:00:00,0.6704315,2.4697804
2024-09-15T13:00:00,0.921744,1.7578624
2024-09-15T14:00:00,0.99167234,0.49038684
2024-09-15T15:00:00,0.99774885,0.042842966
2024-09-15T16:00:00,0.99830645,0.003953058
2024-09-15T17:00:00,0.99836046,0.00038438852
2024-09-15T18:00:00,0.9983659,3.877503e-05
2024-09-15T19:00:00,0.9857265,-0.0716618
2024-09-15T20:00:00,0.8563744,-0.7430926
2024-09-15T21:00:00,0.717803,-0.79688174
2024-09-15T22:00:00,0.4006673,-1.8605936
2024-09-15T23:00:00,0.16732344,-1.3562868
2024-09-16T00:00:00,0.0,-0.96794015
2024-09-16T01:00:00,0.0,0.0
2024-09-16T02:00:00,0.0,0.0
2024-09-16T03:00:00,0.0,0.0
2024-09-16T04:00:00,0.0,0.0
2024-09-16T05:00:00,0.0,0.0
2024-09-16T06:00:00,0.0,0.0
2024-09-16T07:00:00,0.0,0.0
2024-09-16T08:00:00,0.0,0.0
2024-09-16T09:00:00,0.0,0.0
2024-09-16T10:00:00,0.0,0.0
2024-09-16T11:00:00,0.3292725,2.2813582
2024-09-16T12:00:00,0.63274664,2.1091642
2024-09-16T13:00:00,0.97155243,2.3399162
2024-09-16T14:00:00,0.9960309,0.17154738
2024-09-16T15:00:00,0.9981392,0.01488416
2024-09-16T16:00:00,0.9360312,-0.35410145
2024-09-16T17:00:00,0.69985837,-1.3731673
2024-09-16T18:00:00,0.50322115,-1.138219
2024-09-16T19:00:00,0.17524159,-1.9265316
2024-09-16T20:00:00,0.00059506705,-1.0293581
2024-09-16T21:00:00,0.0,-0.003484693
2024-09-16T22:00:00,0.0,0.0
2024-09-16T23:00:00,0.0,0.0
2024-09-17T00:00:00,0.0,0.0
2024-09-17T01:00:00,0.0,0.0
2024-09-17T02:00:00,0.0,0.0
2024-09-17T03:00:00,0.0,0.0
2024-09-17T04:00:00,0.0,0.0
2024-09-17T05:00:00,0.0,0.0
2024-09-17T06:00:00,0.0,0.0
2024-09-17T07:00:00,0.0,0.0
2024-09-17T08:00:00,0.0,0.0
2024-09-17T09:00:00,0.0,0.0
2024-09-17T10:00:00,0.0,0.0
2024-09-17T11:00:00,0.0,0.0
2024-09-17T12:00:00,0.112970024,0.8045236
2024-09-17T13:00:00,0.12724365,0.1030536
2024-09-17T14:00:00,0.10431203,-0.13016643
2024-09-17T15:00:00,0.009728986,-0.54123044
2024-09-17T16:00:00,0.0,-0.055154096
2024-09-17T17:00:00,0.0,0.0
2024-09-17T18:00:00,0.0,0.0
2024-09-17T19:00:00,0.0,0.0
2024-09-17T20:00:00,0.0,0.0
2024-09-17T21:00:00,0.0,0.0
2024-09-17T22:00:00,0.0,0.0
2024-09-17T23:00:00,0.0,0.0
2024-09-18T00:00:00,0.0,0.0
2024-09-18T01:00:00,0.0,0.0
2024-09-18T02:00:00,0.0,0.0
2024-09-18T03:00:00,0.0,0.0
2024-09-18T04:00:00,0.0,0.0
2024-09-18T05:00:00,0.0,0.0
2024-09-18T06:00:00,0.0,0.0
2024-09-18T07:00:00,0.0,0.0
2024-09-18T08:00:00,0.0,0.0
2024-09-18T09:00:00,0.0,0.0
2024-09-18T10:00:00,0.09188844,0.65626794
2024-09-18T11:00:00,0.44208717,2.4202976
2024-09-18T12:00:00,0.78444153,2.3682911
2024-09-18T13:00:00,0.9797245,1.3689916
2024-09-18T14:00:00,0.9966883,0.119173564
2024-09-18T15:00:00,0.9981901,0.010604776
2024-09-18T16:00:00,0.9983307,0.0009932125
2024-09-18T17:00:00,0.9983438,9.3320356e-05
2024-09-18T18:00:00,0.99834514,9.396546e-06
2024-09-18T19:00:00,0.99834526,1.0041651e-06
2024-09-18T20:00:00,0.9437427,-0.3110471
2024-09-18T21:00:00,0.9899461,0.33207914
2024-09-18T22:00:00,0.8144409,-1.0134839
2024-09-18T23:00:00,0.5649014,-1.4530663
2024-09-19T00:00:00,0.28554142,-1.6321075
2024-09-19T01:00:00,0.2725237,-0.07380981
2024-09-19T02:00:00,0.080723755,-1.1096144
2024-09-19T03:00:00,0.062690236,-0.10230696
2024-09-19T04:00:00,0.001625904,-0.3556514
2024-09-19T05:00:00,5.8650755e-07,-0.009469604
2024-09-19T06:00:00,0.0,-3.3792485e-06
2024-09-19T07:00:00,0.0,0.0
2024-09-19T08:00:00,0.0,0.0
2024-09-19T09:00:00,0.0,0.0
2024-09-19T10:00:00,0.0,0.0
2024-09-19T11:00:00,0.35176295,2.4306574
2024-09-19T12:00:00,0.69263285,2.3584394
2024-09-19T13:00:00,0.9743232,1.9565036
2024-09-19T14:00:00,0.99623346,0.15367551
2024-09-19T15:00:00,0.9981383,0.013449144
2024-09-19T16:00:00,0.9983161,0.0012580667
2024-09-19T17:00:00,0.99833286,0.000120136225
2024-09-19T18:00:00,0.97525376,-0.13100582
2024-09-19T19:00:00,0.9200666,-0.31439814
2024-09-19T20:00:00,0.7726788,-0.84842443
2024-09-19T21:00:00,0.64227515,-0.7492223
2024-09-19T22:00:00,0.41698134,-1.3083103
2024-09-19T23:00:00,0.124790624,-1.7095027
2024-09-20T00:00:00,0.0,-0.7169582
2024-09-20T01:00:00,0.0,0.0
2024-09-20T02:00:00,0.0,0.0
2024-09-20T03:00:00,0.0,0.0
2024-09-20T04:00:00,0.0,0.0
2024-09-20T05:00:00,0.0,0.0
2024-09-20T06:00:00,0.0,0.0
2024-09-20T07:00:00,0.0,0.0
2024-09-20T08:00:00,0.0,0.0
2024-09-20T09:00:00,0.0,0.0
2024-09-20T10:00:00,0.19905527,1.4015474
2024-09-20T11:00:00,0.5516111,2.435907
2024-09-20T12:00:00,0.89334136,2.3641496
2024-09-20T13:00:00,0.98932683,0.67189854
2024-09-20T14:00:00,0.99750054,0.05758813
2024-09-20T15:00:00,0.9982475,0.005276135
2024-09-20T16:00:00,0.99831766,0.00049553
2024-09-20T17:00:00,0.99832416,4.653768e-05
2024-09-20T18:00:00,0.9746129,-0.13460355
2024-09-20T19:00:00,0.8927912,-0.4675339
2024-09-20T20:00:00,0.6540684,-1.3883919
2024-09-20T21:00:00,0.48328528,-0.9856909
2024-09-20T22:00:00,0.25509292,-1.325575
2024-09-20T23:00:00,0.0029784727,-1.4818411
2024-09-21T00:00:00,0.0,-0.017306954
2024-09-21T01:00:00,0.0,0.0
2024-09-21T02:00:00,0.0,0.0
2024-09-21T03:00:00,0.0,0.0
2024-09-21T04:00:00,0.0,0.0
2024-09-21T05:00:00,0.0,0.0
2024-09-21T06:00:00,0.0,0.0
2024-09-21T07:00:00,0.0,0.0
2024-09-21T08:00:00,0.0,0.0
2024-09-21T09:00:00,0.0,0.0
2024-09-21T10:00:00,0.0,0.0
2024-09-21T11:00:00,0.35389084,2.444744
2024-09-21T12:00:00,0.691181,2.3346684
2024-09-21T13:00:00,0.9750763,1.9656681
2024-09-21T14:00:00,0.99627644,0.14872828
2024-09-21T15:00:00,0.9981243,0.013046769
2024-09-21T16:00:00,0.9982965,0.0012203794
2024-09-21T17:00:00,0.99831325,0.00011830721
2024-09-21T18:00:00,0.9983148,1.1113623e-05
2024-09-21T19:00:00,0.7874653,-1.2224406
2024-09-21T20:00:00,0.45050687,-1.981247
2024-09-21T21:00:00,0.12941559,-1.884628
2024-09-21T22:00:00,0.03753921,-0.5255819
2024-09-21T23:00:00,0.08779109,0.3609718
2024-09-22T00:00:00,0.00028006884,-0.5005984
2024-09-22T01:00:00,1.5275007e-06,-0.0016021068
2024-09-22T02:00:00,0.0,-8.76557e-06
2024-09-22T03:00:00,0.0,0.0
2024-09-22T04:00:00,0.0,0.0
2024-09-22T05:00:00,0.0,0.0
2024-09-22T06:00:00,0.0,0.0
2024-09-22T07:00:00,0.0,0.0
2024-09-22T08:00:00,0.25679076,1.7949598
2024-09-22T09:00:00,0.5858556,2.2799764
2024-09-22T10:00:00,0.8969528,2.1601503
2024-09-22T11:00:00,0.98778135,0.6486543
2024-09-22T12:00:00,0.99717873,0.06734837
2024-09-22T13:00:00,0.9981975,0.007204754
2024-09-22T14:00:00,0.9982944,0.0006846372
2024-09-22T15:00:00,0.99830353,6.4364016e-05
2024-09-22T16:00:00,0.8633203,-0.77593404
2024-09-22T17:00:00,0.45231512,-2.436574
2024-09-22T18:00:00,0.26851767,-1.0623599
2024-09-22T19:00:00,0.15078162,-0.67547745
2024-09-22T20:00:00,0.006336081,-0.83121204
2024-09-22T21:00:00,0.0,-0.03643714
2024-09-22T22:00:00,0.021798937,0.1572167
2024-09-22T23:00:00,0.00043002737,-0.123803206
2024-09-23T00:00:00,0.0,-0.002483684
2024-09-23T01:00:00,0.0,0.0
2024-09-23T02:00:00,0.0,0.0
2024-09-23T03:00:00,0.0,0.0
2024-09-23T04:00:00,0.0,0.0
2024-09-23T05:00:00,0.0,0.0
2024-09-23T06:00:00,0.0,0.0
2024-09-23T07:00:00,0.0,0.0
2024-09-23T08:00:00,0.0,0.0
2024-09-23T09:00:00,0.0,0.0
2024-09-23T10:00:00,0.077532046,0.5548267
2024-09-23T11:00:00,0.24642113,1.1938293
2024-09-23T12:00:00,0.40374488,1.1137718
2024-09-23T13:00:00,0.51995045,0.8272042
2024-09-23T14:00:00,0.6761945,1.1062859
2024-09-23T15:00:00,0.8539825,1.2552693
2024-09-23T16:00:00,0.8141914,-0.22629486
2024-09-23T17:00:00,0.5359712,-1.6252427
2024-09-23T18:00:00,0.26332343,-1.5917058
2024-09-23T19:00:00,0.0008048951,-1.5372704
2024-09-23T20:00:00,0.0,-0.004635539
2024-09-23T21:00:00,0.0,0.0
2024-09-23T22:00:00,0.0,0.0
2024-09-23T23:00:00,0.0,0.0
2024-09-24T00:00:00,0.0,0.0
2024-09-24T01:00:00,0.0,0.0
2024-09-24T02:00:00,0.0,0.0
2024-09-24T03:00:00,0.0,0.0
2024-09-24T04:00:00,0.0,0.0
2024-09-24T05:00:00,0.0,0.0
2024-09-24T06:00:00,0.0,0.0
2024-09-24T07:00:00,0.0,0.0
2024-09-24T08:00:00,0.0,0.0
2024-09-24T09:00:00,0.24062815,1.685372
2024-09-24T10:00:00,0.3725129,0.9368396
2024-09-24T11:00:00,0.68611467,2.1768827
2024-09-24T12:00:00,0.8862192,1.4087443
2024-09-24T13:00:00,0.9882425,0.7172288
2024-09-24T14:00:00,0.99736845,0.06427604
2024-09-24T15:00:00,0.9981995,0.005869654
2024-09-24T16:00:00,0.9982775,0.00055079226
2024-09-24T17:00:00,0.99828476,5.1827083e-05
2024-09-24T18:00:00,0.9244182,-0.42169988
2024-09-24T19:00:00,0.7293851,-1.1287303
2024-09-24T20:00:00,0.50122297,-1.3253946
2024-09-24T21:00:00,0.1134035,-2.2932122
2024-09-24T22:00:00,0.0,-0.6628882
2024-09-24T23:00:00,0.0,0.0
2024-09-25T00:00:00,0.0,0.0
2024-09-25T01:00:00,0.0,0.0
2024-09-25T02:00:00,0.0,0.0
2024-09-25T03:00:00,0.0,0.0
2024-09-25T04:00:00,0.0,0.0
2024-09-25T05:00:00,0.0,0.0
2024-09-25T06:00:00,0.0,0.0
2024-09-25T07:00:00,0.0,0.0
2024-09-25T08:00:00,0.1059466,0.7552239
2024-09-25T09:00:00,0.11964235,0.09888955
2024-09-25T10:00:00,0.2061482,0.61828095
2024-09-25T11:00:00,0.48858708,1.9680077
2024-09-25T12:00:00,0.75858605,1.8842055
2024-09-25T13:00:00,0.9776957,1.5340211
2024-09-25T14:00:00,0.9964556,0.13171166
2024-09-25T15:00:00,0.9981052,0.011647609
2024-09-25T16:00:00,0.99825954,0.0010899943
2024-09-25T17:00:00,0.9982739,0.0001023637
2024-09-25T18:00:00,0.99827534,1.0428981e-05
2024-09-25T19:00:00,0.95083517,-0.2700283
2024-09-25T20:00:00,0.7848254,-0.95762634
2024-09-25T21:00:00,0.7279641,-0.3239967
2024-09-25T22:00:00,0.57171,-0.9003612
2024-09-25T23:00:00,0.3767432,-1.1283376
2024-09-26T00:00:00,0.1920529,-1.0676281
2024-09-26T01:00:00,0.056581117,-0.7787851
2024-09-26T02:00:00,1.3080796e-05,-0.32526723
2024-09-26T03:00:00,1.3517136e-07,-7.521481e-05
2024-09-26T04:00:00,0.0,-7.8066074e-07
2024-09-26T05:00:00,0.0,0.0
2024-09-26T06:00:00,0.0,0.0
2024-09-26T07:00:00,0.0,0.0
2024-09-26T08:00:00,0.29201224,2.0323346
2024-09-26T09:00:00,0.6431698,2.4266484
2024-09-26T10:00:00,0.8144771,1.2105387
2024-09-26T11:00:00,0.9812956,1.1762528
2024-09-26T12:00:00,0.9967263,0.1086086
2024-09-26T13:00:00,0.9981214,0.009851648
2024-09-26T14:00:00,0.99825203,0.00092291815
2024-09-26T15:00:00,0.9982643,8.6731874e-05
2024-09-26T16:00:00,0.99826545,8.148675e-06
2024-09-26T17:00:00,0.99826556,9.007095e-07
2024-09-26T18:00:00,0.9136445,-0.48368227
2024-09-26T19:00:00,0.7557367,-0.9100593
2024-09-26T20:00:00,0.39462417,-2.1289701
2024-09-26T21:00:00,0.40395024,0.06738051
2024-09-26T22:00:00,0.26007324,-0.8278874
2024-09-26T23:00:00,0.20340666,-0.32288015
2024-09-27T00:00:00,0.10112998,-0.5857629
2024-09-27T01:00:00,0.0011718238,-0.57919544
2024-09-27T02:00:00,0.0,-0.006706329
2024-09-27T03:00:00,0.0,0.0
2024-09-27T04:00:00,0.0,0.0
2024-09-27T05:00:00,0.0,0.0
2024-09-27T06:00:00,0.0,0.0
2024-09-27T07:00:00,0.094203465,0.672589
2024-09-27T08:00:00,0.26923147,1.2362286
2024-09-27T09:00:00,0.5547594,1.9887798
2024-09-27T10:00:00,0.56954193,0.10672018
2024-09-27T11:00:00,0.6988155,0.91861236
2024-09-27T12:00:00,0.8538621,1.0979809
2024-09-27T13:00:00,0.9858582,0.9241225
2024-09-27T14:00:00,0.9970784,0.07934286
2024-09-27T15:00:00,0.9981451,0.007533073
2024-09-27T16:00:00,0.99824506,0.00070625317
2024-09-27T17:00:00,0.9982544,6.6524895e-05
2024-09-27T18:00:00,0.84272087,-0.8961362
2024-09-27T19:00:00,0.42759135,-2.4621515
2024-09-27T20:00:00,0.065785624,-2.1332211
2024-09-27T21:00:00,0.0,-0.38054472
2024-09-27T22:00:00,0.0,0.0
2024-09-27T23:00:00,0.0,0.0
2024-09-28T00:00:00,0.0,0.0
2024-09-28T01:00:00,0.0,0.0
2024-09-28T02:00:00,0.0,0.0
2024-09-28T03:00:00,0.0,0.0
2024-09-28T04:00:00,0.0,0.0
2024-09-28T05:00:00,0.0,0.0
2024-09-28T06:00:00,0.0,0.0
2024-09-28T07:00:00,0.11005743,0.7840902
2024-09-28T08:00:00,0.33852875,1.6026659
2024-09-28T09:00:00,0.62312883,1.982542
2024-09-28T10:00:00,0.7826539,1.1290281
2024-09-28T11:00:00,0.90332586,0.8584807
2024-09-28T12:00:00,0.95437753,0.366676
2024-09-28T13:00:00,0.9943254,0.2807556
2024-09-28T14:00:00,0.9978759,0.025087861
2024-09-28T15:00:00,0.9982058,0.0023643468
2024-09-28T16:00:00,0.998241,0.00025328135
2024-09-28T17:00:00,0.9982449,2.7831476e-05
2024-09-28T18:00:00,0.7872054,-1.2235682
2024-09-28T19:00:00,0.53098565,-1.4930727
2024-09-28T20:00:00,0.30624375,-1.3050241
2024-09-28T21:00:00,0.17638275,-0.7460589
2024-09-28T22:00:00,0.0016981682,-1.013329
2024-09-28T23:00:00,1.37222105e-05,-0.009850916
2024-09-29T00:00:00,1.0107451e-07,-8.024974e-05
2024-09-29T01:00:00,0.0,-5.815355e-07
2024-09-29T02:00:00,0.0,0.0
2024-09-29T03:00:00,0.0,0.0
2024-09-29T04:00:00,0.0,0.0
2024-09-29T05:00:00,0.0,0.0
2024-09-29T06:00:00,0.0,0.0
2024-09-29T07:00:00,0.1398368,0.99227244
2024-09-29T08:00:00,0.4698464,2.286263
2024-09-29T09:00:00,0.8192303,2.4149
2024-09-29T10:00:00,0.77134645,-0.27256724
2024-09-29T11:00:00,0.8079689,0.2635723
2024-09-29T12:00:00,0.74858636,-0.33845899
2024-09-29T13:00:00,0.9207308,1.2163211
2024-09-29T14:00:00,0.9915857,0.49602497
2024-09-29T15:00:00,0.997621,0.0425515
2024-09-29T16:00:00,0.9981679,0.0039251857
2024-09-29T17:00:00,0.882386,-0.6641194
2024-09-29T18:00:00,0.77017057,-0.64340436
2024-09-29T19:00:00,0.5624637,-1.2037944
2024-09-29T20:00:00,0.4922465,-0.40070117
2024-09-29T21:00:00,0.42607853,-0.3774218
2024-09-29T22:00:00,0.31411776,-0.64192563
2024-09-29T23:00:00,0.1349048,-1.0353268
2024-09-30T00:00:00,0.000468705,-0.7793552
2024-09-30T01:00:00,0.018841442,0.13257112
2024-09-30T02:00:00,0.0003433983,-0.106954485
2024-09-30T03:00:00,0.0,-0.0019772854
2024-09-30T04:00:00,0.0,0.0
2024-09-30T05:00:00,0.0,0.0
2024-09-30T06:00:00,0.0,0.0
2024-09-30T07:00:00,0.13090992,0.9300363
2024-09-30T08:00:00,0.37827945,1.7311319
2024-09-30T09:00:00,0.6999578,2.230775
2024-09-30T10:00:00,0.77483,0.5359889
2024-09-30T11:00:00,0.8257066,0.36542758
2024-09-30T12:00:00,0.94187135,0.8269182
2024-09-30T13:00:00,0.99324566,0.3606598
2024-09-30T14:00:00,0.9977626,0.031862374
2024-09-30T15:00:00,0.99818075,0.0029536767
2024-09-30T16:00:00,0.99821943,0.00027765176
2024-09-30T17:00:00,0.8364532,-0.9327015
2024-09-30T18:00:00,0.48591685,-2.064192
2024-09-30T19:00:00,0.082167804,-2.3916304
2024-09-30T20:00:00,0.0,-0.47157755
2024-09-30T21:00:00,0.0,0.0
2024-09-30T22:00:00,0.018606378,0.13425252
2024-09-30T23:00:00,0.00065956323,-0.10562365
2024-10-01T00:00:00,0.0,-0.0038661594
2024-10-01T01:00:00,0.0,0.0
2024-10-01T02:00:00,0.0,0.0
2024-10-01T03:00:00,0.0,0.0
2024-10-01T04:00:00,0.0,0.0
2024-10-01T05:00:00,0.0,0.0
2024-10-01T06:00:00,0.0,0.0
2024-10-01T07:00:00,0.13433444,0.95392835
2024-10-01T08:00:00,0.3408135,1.4524289
2024-10-01T09:00:00,0.5540336,1.4985645
2024-10-01T10:00:00,0.6869866,0.9442932
2024-10-01T11:00:00,0.7836714,0.690071
2024-10-01T12:00:00,0.84866893,0.46593568
2024-10-01T13:00:00,0.95801884,0.7791242
2024-10-01T14:00:00,0.99487364,0.2572493
2024-10-01T15:00:00,0.9978746,0.021377273
2024-10-01T16:00:00,0.9623236,-0.20208462
2024-10-01T17:00:00,0.6546903,-1.8029407
2024-10-01T18:00:00,0.3324673,-1.8915086
2024-10-01T19:00:00,0.00087649876,-1.9516442
2024-10-01T20:00:00,0.0,-0.005094664
2024-10-01T21:00:00,0.0,0.0
2024-10-01T22:00:00,0.0,0.0
2024-10-01T23:00:00,0.0,0.0
2024-10-02T00:00:00,0.0,0.0
2024-10-02T01:00:00,0.0,0.0
2024-10-02T02:00:00,0.0,0.0
2024-10-02T03:00:00,0.0,0.0
2024-10-02T04:00:00,0.0,0.0
2024-10-02T05:00:00,0.0,0.0
2024-10-02T06:00:00,0.0,0.0
2024-10-02T07:00:00,0.089684516,0.6407206
2024-10-02T08:00:00,0.27631003,1.3161491
2024-10-02T09:00:00,0.5455896,1.879352
2024-10-02T10:00:00,0.66813266,0.87157255
2024-10-02T11:00:00,0.81336933,1.0298492
2024-10-02T12:00:00,0.9817268,1.1829467
2024-10-02T13:00:00,0.99648523,0.10545281
2024-10-02T14:00:00,0.9980429,0.010998474
2024-10-02T15:00:00,0.9981886,0.0010294712
2024-10-02T16:00:00,0.78699625,-1.2244757
2024-10-02T17:00:00,0.38022476,-2.4103425
2024-10-02T18:00:00,0.1667064,-1.2382858
2024-10-02T19:00:00,0.0032772475,-0.9668029
2024-10-02T20:00:00,0.0,-0.018713737
2024-10-02T21:00:00,0.0,0.0
2024-10-02T22:00:00,0.0,0.0
2024-10-02T23:00:00,0.0,0.0
2024-10-03T00:00:00,0.0,0.0
2024-10-03T01:00:00,0.0,0.0
2024-10-03T02:00:00,0.0,0.0
2024-10-03T03:00:00,0.0,0.0
2024-10-03T04:00:00,0.0,0.0
2024-10-03T05:00:00,0.0,0.0
2024-10-03T06:00:00,0.0,0.0
2024-10-03T07:00:00,0.14757088,1.0460763
2024-10-03T08:00:00,0.38726786,1.6790454
2024-10-03T09:00:00,0.6221156,1.6460764
2024-10-03T10:00:00,0.6947829,0.5203632
2024-10-03T11:00:00,0.91681415,1.5587543
2024-10-03T12:00:00,0.9897737,0.5208317
2024-10-03T13:00:00,0.9974212,0.053888023
2024-10-03T14:00:00,0.9981122,0.004943661
2024-10-03T15:00:00,0.998186,0.00052125746
2024-10-03T16:00:00,0.7869865,-1.2245181
2024-10-03T17:00:00,0.37091002,-2.468027
2024-10-03T18:00:00,0.092763975,-1.6247962
2024-10-03T19:00:00,0.0,-0.5406273
2024-10-03T20:00:00,0.0,0.0
2024-10-03T21:00:00,0.0,0.0
2024-10-03T22:00:00,0.0,0.0
2024-10-03T23:00:00,0.0,0.0
2024-10-04T00:00:00,0.0,0.0
2024-10-04T01:00:00,0.0,0.0
2024-10-04T02:00:00,0.0,0.0
2024-10-04T03:00:00,0.0,0.0
2024-10-04T04:00:00,0.0,0.0
2024-10-04T05:00:00,0.0,0.0
2024-10-04T06:00:00,0.0,0.0
2024-10-04T07:00:00,0.16650757,1.1773633
2024-10-04T08:00:00,0.3237847,1.1134487
2024-10-04T09:00:00,0.6250251,2.094207
2024-10-04T10:00:00,0.75734913,0.9399047
2024-10-04T11:00:00,0.827902,0.5053699
2024-10-04T12:00:00,0.9382094,0.7858446
2024-10-04T13:00:00,0.9921375,0.3838366
2024-10-04T14:00:00,0.9975981,0.038694993
2024-10-04T15:00:00,0.9981286,0.003746831
2024-10-04T16:00:00,0.81367755,-1.0662163
2024-10-04T17:00:00,0.46694878,-2.0409074
2024-10-04T18:00:00,0.1523998,-1.8448877
2024-10-04T19:00:00,0.00014837239,-0.89385283
2024-10-04T20:00:00,0.0,-0.0008652247
2024-10-04T21:00:00,0.0,0.0
2024-10-04T22:00:00,0.0,0.0
2024-10-04T23:00:00,0.0,0.0
2024-10-05T00:00:00,0.0,0.0
2024-10-05T01:00:00,0.0,0.0
2024-10-05T02:00:00,0.0,0.0
2024-10-05T03:00:00,0.0,0.0
2024-10-05T04:00:00,0.0,0.0
2024-10-05T05:00:00,0.0,0.0
2024-10-05T06:00:00,0.0,0.0
2024-10-05T07:00:00,0.0,0.0
2024-10-05T08:00:00,0.0,0.0
2024-10-05T09:00:00,0.0,0.0
2024-10-05T10:00:00,0.0,0.0
2024-10-05T11:00:00,0.0,0.0
2024-10-05T12:00:00,0.048739526,0.3501823
2024-10-05T13:00:00,0.0010616157,-0.2778615
2024-10-05T14:00:00,1.3686581e-05,-0.0061869766
2024-10-05T15:00:00,0.0,-7.777496e-05
2024-10-05T16:00:00,0.0,0.0
2024-10-05T17:00:00,0.06468433,0.46371028
2024-10-05T18:00:00,0.0003821664,-0.3695825
2024-10-05T19:00:00,0.0,-0.0021869603
2024-10-05T20:00:00,0.0,0.0
2024-10-05T21:00:00,0.0,0.0
2024-10-05T22:00:00,0.0,0.0
2024-10-05T23:00:00,0.0018076856,0.013074569
2024-10-06T00:00:00,5.368769e-05,-0.010237133
2024-10-06T01:00:00,4.1871118e-07,-0.0003133459
2024-10-06T02:00:00,0.0,-2.4283906e-06
2024-10-06T03:00:00,0.0,0.0
2024-10-06T04:00:00,0.0,0.0
2024-10-06T05:00:00,0.0,0.0
2024-10-06T06:00:00,0.0,0.0
2024-10-06T07:00:00,0.0,0.0
2024-10-06T08:00:00,0.0,0.0
2024-10-06T09:00:00,0.07321615,0.5242537
2024-10-06T10:00:00,5.172077e-05,-0.41882458
2024-10-06T11:00:00,0.17456447,1.2326723
2024-10-06T12:00:00,0.39238486,1.5300057
2024-10-06T13:00:00,0.5624969,1.202281
2024-10-06T14:00:00,0.4231808,-0.8012318
2024-10-06T15:00:00,0.72221744,2.0794437
2024-10-06T16:00:00,0.84749484,0.8906933
2024-10-06T17:00:00,0.8667284,0.13876559
2024-10-06T18:00:00,0.8039683,-0.3578461
2024-10-06T19:00:00,0.7090632,-0.5430931
2024-10-06T20:00:00,0.52373856,-1.0713712
2024-10-06T21:00:00,0.2809795,-1.412508
2024-10-06T22:00:00,0.20275816,-0.4467802
2024-10-06T23:00:00,0.006077103,-1.1384785
2024-10-07T00:00:00,7.2287894e-06,-0.035177007
2024-10-07T01:00:00,0.0,-4.18215e-05
2024-10-07T02:00:00,0.0,0.0
2024-10-07T03:00:00,0.0,0.0
2024-10-07T04:00:00,0.0,0.0
2024-10-07T05:00:00,0.0,0.0
2024-10-07T06:00:00,0.0,0.0
2024-10-07T07:00:00,0.0583949,0.4189887
2024-10-07T08:00:00,0.11205553,0.3852741
2024-10-07T09:00:00,0.1706447,0.42037115
2024-10-07T10:00:00,0.3021029,0.933863
2024-10-07T11:00:00,0.4813979,1.2656604
2024-10-07T12:00:00,0.65454006,1.2232106
2024-10-07T13:00:00,0.9552927,2.0909405
2024-10-07T14:00:00,0.99447924,0.27436167
2024-10-07T15:00:00,0.9978189,0.023566458
2024-10-07T16:00:00,0.9981293,0.002192591
2024-10-07T17:00:00,0.998158,0.0002058858
2024-10-07T18:00:00,0.9463531,-0.29501733
2024-10-07T19:00:00,0.68338627,-1.5335387
2024-10-07T20:00:00,0.52891475,-0.88991076
2024-10-07T21:00:00,0.3127224,-1.2541709
2024-10-07T22:00:00,0.0053927107,-1.8141594
2024-10-07T23:00:00,0.0,-0.030660106
2024-10-08T00:00:00,0.0,0.0
2024-10-08T01:00:00,0.0,0.0
2024-10-08T02:00:00,0.025536222,0.18407278
2024-10-08T03:00:00,0.008684408,-0.09559022
2024-10-08T04:00:00,0.00017930754,-0.049261432
2024-10-08T05:00:00,8.391321e-07,-0.0010385469
2024-10-08T06:00:00,0.0,-4.846255e-06
2024-10-08T07:00:00,0.16171873,1.1442225
2024-10-08T08:00:00,0.35384682,1.3539871
2024-10-08T09:00:00,0.38204134,0.20315796
2024-10-08T10:00:00,0.4681531,0.61549735
2024-10-08T11:00:00,0.6399449,1.2138858
2024-10-08T12:00:00,0.7995777,1.1297746
2024-10-08T13:00:00,0.9664182,1.1796656
2024-10-08T14:00:00,0.99544203,0.20309187
2024-10-08T15:00:00,0.9978933,0.017338373
2024-10-08T16:00:00,0.99812496,0.0016503427
2024-10-08T17:00:00,0.9981483,0.0001675616
2024-10-08T18:00:00,0.8323359,-0.9564666
2024-10-08T19:00:00,0.5018155,-1.942004
2024-10-08T20:00:00,0.2524339,-1.4521215
2024-10-08T21:00:00,0.003106819,-1.4698946
2024-10-08T22:00:00,0.0,-0.018085347
2024-10-08T23:00:00,0.0,0.0
2024-10-09T00:00:00,0.0,0.0
2024-10-09T01:00:00,0.0,0.0
2024-10-09T02:00:00,0.0,0.0
2024-10-09T03:00:00,0.0,0.0
2024-10-09T04:00:00,0.0,0.0
2024-10-09T05:00:00,0.0,0.0
2024-10-09T06:00:00,0.0,0.0
2024-10-09T07:00:00,0.0,0.0
2024-10-09T08:00:00,0.0,0.0
2024-10-09T09:00:00,0.0,0.0
2024-10-09T10:00:00,0.06833857,0.48965877
2024-10-09T11:00:00,0.0004496656,-0.39065933
2024-10-09T12:00:00,0.0,-0.002574328
2024-10-09T13:00:00,0.096194826,0.6866202
2024-10-09T14:00:00,0.25855204,1.1486435
2024-10-09T15:00:00,0.31831193,0.42870107
2024-10-09T16:00:00,0.36146966,0.3103212
2024-10-09T17:00:00,0.3705175,0.0653729
2024-10-09T18:00:00,0.45434016,0.5993241
2024-10-09T19:00:00,0.2955109,-0.9154649
2024-10-09T20:00:00,0.010070791,-1.6687558
2024-10-09T21:00:00,0.0,-0.05885785
2024-10-09T22:00:00,0.0,0.0
2024-10-09T23:00:00,0.0,0.0
2024-10-10T00:00:00,0.0,0.0
2024-10-10T01:00:00,0.0,0.0
2024-10-10T02:00:00,0.0,0.0
2024-10-10T03:00:00,0.0,0.0
2024-10-10T04:00:00,0.0,0.0
2024-10-10T05:00:00,0.0,0.0
2024-10-10T06:00:00,0.0,0.0
2024-10-10T07:00:00,0.19678184,1.3859477
2024-10-10T08:00:00,0.46464866,1.8698175
2024-10-10T09:00:00,0.7658932,2.0942352
2024-10-10T10:00:00,0.87244165,0.759452
2024-10-10T11:00:00,0.9874014,0.804447
2024-10-10T12:00:00,0.99715805,0.068700396
2024-10-10T13:00:00,0.99804413,0.00625765
2024-10-10T14:00:00,0.9981266,0.0005866896
2024-10-10T15:00:00,0.9981349,5.8732596e-05
2024-10-10T16:00:00,0.99813575,5.70801e-06
2024-10-10T17:00:00,0.9981358,3.6740548e-07
2024-10-10T18:00:00,0.810342,-1.0859476
2024-10-10T19:00:00,0.5785859,-1.346817
2024-10-10T20:00:00,0.40138566,-1.0234673
2024-10-10T21:00:00,0.35946056,-0.23848847
2024-10-10T22:00:00,0.20646843,-0.8812412
2024-10-10T23:00:00,0.03660693,-0.9802699
2024-10-11T00:00:00,0.0,-0.20992534
2024-10-11T01:00:00,0.0,0.0
2024-10-11T02:00:00,0.0,0.0
2024-10-11T03:00:00,0.0,0.0
2024-10-11T04:00:00,0.0,0.0
2024-10-11T05:00:00,0.0,0.0
2024-10-11T06:00:00,0.0,0.0
2024-10-11T07:00:00,0.16105035,1.1395938
2024-10-11T08:00:00,0.43441555,1.9069064
2024-10-11T09:00:00,0.6908288,1.7924048
2024-10-11T10:00:00,0.760837,0.5015064
2024-10-11T11:00:00,0.93198186,1.2094166
2024-10-11T12:00:00,0.991061,0.42332354
2024-10-11T13:00:00,0.99747515,0.0452151
2024-10-11T14:00:00,0.9980647,0.004164154
2024-10-11T15:00:00,0.99812007,0.00039101616
2024-10-11T16:00:00,0.9981252,3.662883e-05
2024-10-11T17:00:00,0.7867605,-1.2254987
2024-10-11T18:00:00,0.47208312,-1.8456672
2024-10-11T19:00:00,0.27022782,-1.1691103
2024-10-11T20:00:00,0.009311033,-1.5212374
2024-10-11T21:00:00,2.3093993e-05,-0.054286625
2024-10-11T22:00:00,0.0,-0.00013472783
2024-10-11T23:00:00,0.0,0.0
2024-10-12T00:00:00,0.0,0.0
2024-10-12T01:00:00,0.0,0.0
2024-10-12T02:00:00,0.0,0.0
2024-10-12T03:00:00,0.0,0.0
2024-10-12T04:00:00,0.0,0.0
2024-10-12T05:00:00,0.0,0.0
2024-10-12T06:00:00,0.043393,0.31200254
2024-10-12T07:00:00,0.18100837,0.9767986
2024-10-12T08:00:00,0.43275157,1.7607808
2024-10-12T09:00:00,0.725108,2.0346448
2024-10-12T10:00:00,0.8651596,0.993768
2024-10-12T11:00:00,0.894845,0.2138559
2024-10-12T12:00:00,0.98805434,0.66093636
2024-10-12T13:00:00,0.99719745,0.064393364
2024-10-12T14:00:00,0.9980296,0.005877112
2024-10-12T15:00:00,0.9981069,0.0005513839
2024-10-12T16:00:00,0.9981149,5.6614903e-05
2024-10-12T17:00:00,0.99811566,5.4976754e-06
2024-10-12T18:00:00,0.9981157,5.3854137e-07
2024-10-12T19:00:00,0.9981157,1.5706897e-07
2024-10-12T20:00:00,0.96735054,-0.17478612
2024-10-12T21:00:00,0.8367613,-0.7503042
2024-10-12T22:00:00,0.7544263,-0.47049418
2024-10-12T23:00:00,0.5505065,-1.1813424
2024-10-13T00:00:00,0.39783186,-0.87938076
2024-10-13T01:00:00,0.38968748,-0.04615295
2024-10-13T02:00:00,0.23755978,-0.8761767
2024-10-13T03:00:00,0.041170236,-1.1367538
2024-10-13T04:00:00,0.0,-0.23537594
2024-10-13T05:00:00,0.0,0.0
2024-10-13T06:00:00,0.0,0.0
2024-10-13T07:00:00,0.024684193,0.17795259
2024-10-13T08:00:00,0.19980612,1.2368767
2024-10-13T09:00:00,0.55879736,2.4784822
2024-10-13T10:00:00,0.7354314,1.2473098
2024-10-13T11:00:00,0.83418685,0.70465183
2024-10-13T12:00:00,0.90422106,0.5016906
2024-10-13T13:00:00,0.98925674,0.60086536
2024-10-13T14:00:00,0.9972952,0.05663401
2024-10-13T15:00:00,0.9980297,0.0051875724
2024-10-13T16:00:00,0.9980986,0.00048669506
2024-10-13T17:00:00,0.99810493,4.5713616e-05
2024-10-13T18:00:00,0.9207702,-0.44167176
2024-10-13T19:00:00,0.7017385,-1.271049
2024-10-13T20:00:00,0.47913945,-1.2922691
2024-10-13T21:00:00,0.319351,-0.9210929
2024-10-13T22:00:00,0.119905904,-1.1548374
2024-10-13T23:00:00,0.0,-0.69387597
2024-10-14T00:00:00,0.0,0.0
2024-10-14T01:00:00,0.0,0.0
2024-10-14T02:00:00,0.0,0.0
2024-10-14T03:00:00,0.0,0.0
2024-10-14T04:00:00,0.0,0.0
2024-10-14T05:00:00,0.0,0.0
2024-10-14T06:00:00,0.0,0.0
2024-10-14T07:00:00,0.0,0.0
2024-10-14T08:00:00,0.0,0.0
2024-10-14T09:00:00,0.0,0.0
2024-10-14T10:00:00,0.03789843,0.27270636
2024-10-14T11:00:00,0.122918345,0.6077844
2024-10-14T12:00:00,0.33140782,1.4661962
2024-10-14T13:00:00,0.59728324,1.856373
2024-10-14T14:00:00,0.76840407,1.2092508
2024-10-14T15:00:00,0.98066133,1.4700347
2024-10-14T16:00:00,0.9963081,0.11158089
2024-10-14T17:00:00,0.9978932,0.0114410985
2024-10-14T18:00:00,0.81795734,-1.0395877
2024-10-14T19:00:00,0.5824657,-1.3691013
2024-10-14T20:00:00,0.25896087,-1.8993033
2024-10-14T21:00:00,0.0,-1.5202175
2024-10-14T22:00:00,0.0,0.0
2024-10-14T23:00:00,0.0,0.0
2024-10-15T00:00:00,0.04652187,0.3343528
2024-10-15T01:00:00,0.023693753,-0.12957738
2024-10-15T02:00:00,0.000725844,-0.13449094
2024-10-15T03:00:00,0.0,-0.004205253
2024-10-15T04:00:00,0.0,0.0
2024-10-15T05:00:00,0.0,0.0
2024-10-15T06:00:00,0.0,0.0
2024-10-15T07:00:00,0.0,0.0
2024-10-15T08:00:00,0.06996111,0.501172
2024-10-15T09:00:00,0.12046469,0.36276704
2024-10-15T10:00:00,0.17395563,0.3840649
2024-10-15T11:00:00,0.37462413,1.4126117
2024-10-15T12:00:00,0.5249794,1.0654204
2024-10-15T13:00:00,0.76576877,1.6864672
2024-10-15T14:00:00,0.92029727,1.0943872
2024-10-15T15:00:00,0.9060976,-0.0805221
2024-10-15T16:00:00,0.87695396,-0.16554318
2024-10-15T17:00:00,0.69826317,-1.0322495
2024-10-15T18:00:00,0.40360147,-1.7244326
2024-10-15T19:00:00,0.15213254,-1.4646153
2024-10-15T20:00:00,0.05549243,-0.5531297
2024-10-15T21:00:00,0.0013672067,-0.31761667
2024-10-15T22:00:00,4.5490992e-07,-0.008023018
2024-10-15T23:00:00,4.174711e-09,-2.6703826e-06
2024-10-16T00:00:00,0.0,-2.4720842e-08
2024-10-16T01:00:00,0.0,0.0
2024-10-16T02:00:00,0.0,0.0
2024-10-16T03:00:00,0.0,0.0
2024-10-16T04:00:00,0.0,0.0
2024-10-16T05:00:00,0.0,0.0
2024-10-16T06:00:00,0.0,0.0
2024-10-16T07:00:00,0.0,0.0
2024-10-16T08:00:00,0.0,0.0
2024-10-16T09:00:00,0.0,0.0
2024-10-16T10:00:00,0.0,0.0
2024-10-16T11:00:00,0.0,0.0
2024-10-16T12:00:00,0.0,0.0
2024-10-16T13:00:00,0.0,0.0
2024-10-16T14:00:00,0.0,0.0
2024-10-16T15:00:00,0.0,0.0
2024-10-16T16:00:00,0.0,0.0
2024-10-16T17:00:00,0.0,0.0
2024-10-16T18:00:00,0.0,0.0
2024-10-16T19:00:00,0.0,0.0
2024-10-16T20:00:00,0.0,0.0
2024-10-16T21:00:00,0.0,0.0
2024-10-16T22:00:00,0.0,0.0
2024-10-16T23:00:00,0.0,0.0
2024-10-17T00:00:00,0.0,0.0
2024-10-17T01:00:00,0.0,0.0
2024-10-17T02:00:00,0.0,0.0
2024-10-17T03:00:00,0.0,0.0
2024-10-17T04:00:00,0.0,0.0
2024-10-17T05:00:00,0.0,0.0
2024-10-17T06:00:00,0.0,0.0
2024-10-17T07:00:00,0.16264333,1.1506243
2024-10-17T08:00:00,0.33800796,1.2385516
2024-10-17T09:00:00,0.6281583,2.0198348
2024-10-17T10:00:00,0.7431666,0.8188141
2024-10-17T11:00:00,0.9144763,1.2105551
2024-10-17T12:00:00,0.9902533,0.5350408
2024-10-17T13:00:00,0.99735725,0.05006497
2024-10-17T14:00:00,0.9980085,0.004599632
2024-10-17T15:00:00,0.9980696,0.00043167084
2024-10-17T16:00:00,0.99807537,4.0662213e-05
2024-10-17T17:00:00,0.9980759,3.6594454e-06
2024-10-17T18:00:00,0.99807596,2.261994e-07
2024-10-17T19:00:00,0.9925883,-0.031088438
2024-10-17T20:00:00,0.9918493,-0.0041841585
2024-10-17T21:00:00,0.997381,0.039850283
2024-10-17T22:00:00,0.9979968,0.004447405
2024-10-17T23:00:00,0.99806684,0.0005060379
2024-10-18T00:00:00,0.9980749,5.7808444e-05
2024-10-18T01:00:00,0.9980758,6.3097405e-06
2024-10-18T02:00:00,0.97554666,-0.12787609
2024-10-18T03:00:00,0.8733207,-0.58546907
2024-10-18T04:00:00,0.84537774,-0.15870163
2024-10-18T05:00:00,0.8014631,-0.2498617
2024-10-18T06:00:00,0.779492,-0.12470067
2024-10-18T07:00:00,0.9781849,1.3989304
2024-10-18T08:00:00,0.9963122,0.12728912
2024-10-18T09:00:00,0.9979089,0.011273623
2024-10-18T10:00:00,0.9980582,0.0010547555
2024-10-18T11:00:00,0.99807227,9.916859e-05
2024-10-18T12:00:00,0.9980736,9.141238e-06
2024-10-18T13:00:00,0.9980737,7.488579e-07
2024-10-18T14:00:00,0.9980737,-1.408535e-08
2024-10-18T15:00:00,0.9980737,-1.408542e-08
2024-10-18T16:00:00,0.9980737,-1.408549e-08
2024-10-18T17:00:00,0.78656906,-1.2263292
2024-10-18T18:00:00,0.45488113,-1.9491166
2024-10-18T19:00:00,0.2099477,-1.4255087
2024-10-18T20:00:00,0.037016172,-0.99833214
2024-10-18T21:00:00,0.00019644473,-0.21369402
2024-10-18T22:00:00,3.2599646e-06,-0.0011401242
2024-10-18T23:00:00,9.648648e-09,-1.923943e-05
2024-10-19T00:00:00,0.0,-5.6646112e-08
2024-10-19T01:00:00,0.0,0.0
2024-10-19T02:00:00,0.0,0.0
2024-10-19T03:00:00,0.0,0.0
2024-10-19T04:00:00,0.0,0.0
2024-10-19T05:00:00,0.039052427,0.28096452
2024-10-19T06:00:00,0.07147656,0.2334951
2024-10-19T07:00:00,0.2410392,1.1984845
2024-10-19T08:00:00,0.43915558,1.395106
2024-10-19T09:00:00,0.73482233,2.0568528
2024-10-19T10:00:00,0.89730096,1.1494839
2024-10-19T11:00:00,0.98771286,0.64488477
2024-10-19T12:00:00,0.99706125,0.066245355
2024-10-19T13:00:00,0.9979646,0.006415308
2024-10-19T14:00:00,0.9980543,0.0006337209
2024-10-19T15:00:00,0.9980627,5.9605783e-05
2024-10-19T16:00:00,0.78652805,-1.2265071
2024-10-19T17:00:00,0.40510806,-2.2537699
2024-10-19T18:00:00,0.13454604,-1.5791632
2024-10-19T19:00:00,0.03327607,-0.5799315
2024-10-19T20:00:00,3.6971944e-06,-0.19055836
2024-10-19T21:00:00,0.012453195,0.08990708
2024-10-19T22:00:00,0.00014829448,-0.07063154
2024-10-19T23:00:00,1.0064667e-06,-0.0008512273
2024-10-20T00:00:00,2.6262184e-09,-5.8167125e-06
2024-10-20T01:00:00,0.0,-1.5008565e-08
2024-10-20T02:00:00,0.0,0.0
2024-10-20T03:00:00,0.0,0.0
2024-10-20T04:00:00,0.0,0.0
2024-10-20T05:00:00,0.0,0.0
2024-10-20T06:00:00,0.08951123,0.63949776
2024-10-20T07:00:00,0.16395313,0.5329404
2024-10-20T08:00:00,0.39292577,1.6060812
2024-10-20T09:00:00,0.73445284,2.3628013
2024-10-20T10:00:00,0.8362392,0.7259783
2024-10-20T11:00:00,0.9721419,0.96486247
2024-10-20T12:00:00,0.9952509,0.16583475
2024-10-20T13:00:00,0.7951546,-1.158693
2024-10-20T14:00:00,0.95613927,1.1391392
2024-10-20T15:00:00,0.73605204,-1.2773259
2024-10-20T16:00:00,0.652117,-0.47972384
2024-10-20T17:00:00,0.28424728,-2.1704354
2024-10-20T18:00:00,0.21638921,-0.38713568
2024-10-20T19:00:00,0.0643235,-0.8758136
2024-10-20T20:00:00,0.00081712427,-0.37046745
2024-10-20T21:00:00,0.0,-0.0047093006
2024-10-20T22:00:00,0.0,0.0
2024-10-20T23:00:00,0.0,0.0
2024-10-21T00:00:00,0.0,0.0
2024-10-21T01:00:00,0.0,0.0
2024-10-21T02:00:00,0.0,0.0
2024-10-21T03:00:00,0.0,0.0
2024-10-21T04:00:00,0.0,0.0
2024-10-21T05:00:00,0.0,0.0
2024-10-21T06:00:00,0.0,0.0
2024-10-21T07:00:00,0.0,0.0
2024-10-21T08:00:00,0.25091577,1.755174
2024-10-21T09:00:00,0.5845075,2.310089
2024-10-21T10:00:00,0.80635864,1.5575249
2024-10-21T11:00:00,0.9802227,1.2267793
2024-10-21T12:00:00,0.9963103,0.11404321
2024-10-21T13:00:00,0.9978743,0.011082057
2024-10-21T14:00:00,0.99802613,0.0010722354
2024-10-21T15:00:00,0.9980404,0.000100626625
2024-10-21T16:00:00,0.7864452,-1.2268666
2024-10-21T17:00:00,0.3679054,-2.4833176
2024-10-21T18:00:00,0.0,-2.18111
2024-10-21T19:00:00,0.0,0.0
2024-10-21T20:00:00,0.0,0.0
2024-10-21T21:00:00,0.0,0.0
2024-10-21T22:00:00,0.0,0.0
2024-10-21T23:00:00,0.0,0.0
2024-10-22T00:00:00,0.0,0.0
2024-10-22T01:00:00,0.0,0.0
2024-10-22T02:00:00,0.0,0.0
2024-10-22T03:00:00,0.0,0.0
2024-10-22T04:00:00,0.0,0.0
2024-10-22T05:00:00,0.0,0.0
2024-10-22T06:00:00,0.0,0.0
2024-10-22T07:00:00,0.15414989,1.0917605
2024-10-22T08:00:00,0.42610732,1.8974148
2024-10-22T09:00:00,0.67439896,1.7373853
2024-10-22T10:00:00,0.7402677,0.47212362
2024-10-22T11:00:00,0.7806271,0.29031408
2024-10-22T12:00:00,0.78556174,0.035675354
2024-10-22T13:00:00,0.88547486,0.7127995
2024-10-22T14:00:00,0.988642,0.720368
2024-10-22T15:00:00,0.9220507,-0.37985444
2024-10-22T16:00:00,0.551736,-2.185454
2024-10-22T17:00:00,0.26247475,-1.691813
2024-10-22T18:00:00,0.0011302001,-1.5351458
2024-10-22T19:00:00,0.0,-0.006485759
2024-10-22T20:00:00,0.0,0.0
2024-10-22T21:00:00,0.0,0.0
2024-10-22T22:00:00,0.0,0.0
2024-10-22T23:00:00,0.0,0.0
2024-10-23T00:00:00,0.0,0.0
2024-10-23T01:00:00,0.0,0.0
2024-10-23T02:00:00,0.0,0.0
2024-10-23T03:00:00,0.0,0.0
2024-10-23T04:00:00,0.0,0.0
2024-10-23T05:00:00,0.0,0.0
2024-10-23T06:00:00,0.0,0.0
2024-10-23T07:00:00,0.14276575,1.012661
2024-10-23T08:00:00,0.2651861,0.8707144
2024-10-23T09:00:00,0.5782904,2.1735601
2024-10-23T10:00:00,0.702967,0.88649297
2024-10-23T11:00:00,0.878361,1.238754
2024-10-23T12:00:00,0.9876772,0.76583314
2024-10-23T13:00:00,0.9970787,0.06620546
2024-10-23T14:00:00,0.9979333,0.006035524
2024-10-23T15:00:00,0.998013,0.00056598074
2024-10-23T16:00:00,0.9289512,-0.39405674
2024-10-23T17:00:00,0.5401835,-2.299061
2024-10-23T18:00:00,0.15458898,-2.2794926
2024-10-23T19:00:00,0.0,-0.89622056
2024-10-23T20:00:00,0.0,0.0
2024-10-23T21:00:00,0.0,0.0
2024-10-23T22:00:00,0.048118167,0.34574804
2024-10-23T23:00:00,0.00085483247,-0.2742953
2024-10-24T00:00:00,6.570099e-06,-0.0049610664
2024-10-24T01:00:00,0.0,-3.8132413e-05
2024-10-24T02:00:00,0.0,0.0
2024-10-24T03:00:00,0.0,0.0
2024-10-24T04:00:00,0.0,0.0
2024-10-24T05:00:00,0.0,0.0
2024-10-24T06:00:00,0.0,0.0
2024-10-24T07:00:00,0.0,0.0
2024-10-24T08:00:00,0.071004346,0.50857186
2024-10-24T09:00:00,0.2535691,1.2881923
2024-10-24T10:00:00,0.4592175,1.4467387
2024-10-24T11:00:00,0.7394932,1.953453
2024-10-24T12:00:00,0.9482309,1.4678959
2024-10-24T13:00:00,0.99335736,0.31859544
2024-10-24T14:00:00,0.99757963,0.029784651
2024-10-24T15:00:00,0.99797064,0.0027619496
2024-10-24T16:00:00,0.99800676,0.00025949432
2024-10-24T17:00:00,0.9980107,2.832236e-05
2024-10-24T18:00:00,0.93903226,-0.3361405
2024-10-24T19:00:00,0.5707227,-2.1731365
2024-10-24T20:00:00,0.40013325,-0.98455155
2024-10-24T21:00:00,0.16717163,-1.3540066
2024-10-24T22:00:00,0.001225125,-0.9716257
2024-10-24T23:00:00,0.0,-0.007077122
2024-10-25T00:00:00,0.0,0.0
2024-10-25T01:00:00,0.0,0.0
2024-10-25T02:00:00,0.0,0.0
2024-10-25T03:00:00,0.0,0.0
2024-10-25T04:00:00,0.0,0.0
2024-10-25T05:00:00,0.0,0.0
2024-10-25T06:00:00,0.0,0.0
2024-10-25T07:00:00,0.0,0.0
2024-10-25T08:00:00,0.014567291,0.10516942
2024-10-25T09:00:00,0.23362398,1.5384493
2024-10-25T10:00:00,0.44631454,1.4949431
2024-10-25T11:00:00,0.6141574,1.1865965
2024-10-25T12:00:00,0.7533368,0.9876941
2024-10-25T13:00:00,0.855684,0.7299227
2024-10-25T14:00:00,0.9859547,0.91083467
2024-10-25T15:00:00,0.99690866,0.077097476
2024-10-25T16:00:00,0.99789214,0.0069917245
2024-10-25T17:00:00,0.99798876,0.00069743884
2024-10-25T18:00:00,0.78625333,-1.2276992
2024-10-25T19:00:00,0.49584225,-1.6987549
2024-10-25T20:00:00,0.28520465,-1.2211828
2024-10-25T21:00:00,0.22365056,-0.35092175
2024-10-25T22:00:00,0.008221099,-1.249638
2024-10-25T23:00:00,0.0,-0.047069665
2024-10-26T00:00:00,0.0,0.0
2024-10-26T01:00:00,0.0,0.0
2024-10-26T02:00:00,0.0,0.0
2024-10-26T03:00:00,0.0,0.0
2024-10-26T04:00:00,0.0,0.0
2024-10-26T05:00:00,0.0,0.0
2024-10-26T06:00:00,0.0,0.0
2024-10-26T07:00:00,0.104889765,0.7477976
2024-10-26T08:00:00,0.38189548,1.9314368
2024-10-26T09:00:00,0.6714745,2.0159986
2024-10-26T10:00:00,0.8838219,1.4925959
2024-10-26T11:00:00,0.9865397,0.7306869
2024-10-26T12:00:00,0.9966918,0.07328922
2024-10-26T13:00:00,0.9978623,0.008315409
2024-10-26T14:00:00,0.997979,0.0008244463
2024-10-26T15:00:00,0.99798995,7.752447e-05
2024-10-26T16:00:00,0.99799097,7.3336555e-06
2024-10-26T17:00:00,0.9979911,8.4863325e-07
2024-10-26T18:00:00,0.786262,-1.2276617
2024-10-26T19:00:00,0.5220698,-1.5408944
2024-10-26T20:00:00,0.4985968,-0.13324763
2024-10-26T21:00:00,0.31415814,-1.0661432
2024-10-26T22:00:00,0.10677369,-1.2018822
2024-10-26T23:00:00,0.0,-0.6137808
2024-10-27T00:00:00,0.0,0.0
2024-10-27T01:00:00,0.0,0.0
2024-10-27T02:00:00,0.0,0.0
2024-10-27T03:00:00,0.0,0.0
2024-10-27T04:00:00,0.0,0.0
2024-10-27T05:00:00,0.0,0.0
2024-10-27T06:00:00,0.0,0.0
2024-10-27T07:00:00,0.10581801,0.7543204
2024-10-27T08:00:00,0.3813215,1.921317
2024-10-27T09:00:00,0.73355615,2.4337807
2024-10-27T10:00:00,0.88552505,1.0766242
2024-10-27T11:00:00,0.98700345,0.71972275
2024-10-27T12:00:00,0.9968154,0.0702574
2024-10-27T13:00:00,0.997851,0.007460649
2024-10-27T14:00:00,0.99796885,0.0008325753
2024-10-27T15:00:00,0.99797994,7.840548e-05
2024-10-27T16:00:00,0.8421609,-0.89781016
2024-10-27T17:00:00,0.62499166,-1.2599766
2024-10-27T18:00:00,0.36139655,-1.53731
2024-10-27T19:00:00,0.111180335,-1.4571165
2024-10-27T20:00:00,0.0,-0.64168566
2024-10-27T21:00:00,0.0,0.0
2024-10-27T22:00:00,0.0,0.0
2024-10-27T23:00:00,0.0,0.0
2024-10-28T00:00:00,0.0,0.0
2024-10-28T01:00:00,0.0,0.0
2024-10-28T02:00:00,0.0,0.0
2024-10-28T03:00:00,0.0,0.0
2024-10-28T04:00:00,0.0,0.0
2024-10-28T05:00:00,0.0,0.0
2024-10-28T06:00:00,0.0,0.0
2024-10-28T07:00:00,0.1365039,0.9690532
2024-10-28T08:00:00,0.43776855,2.0943696
2024-10-28T09:00:00,0.78883713,2.426059
2024-10-28T10:00:00,0.9449261,1.1052102
2024-10-28T11:00:00,0.98832506,0.31204513
2024-10-28T12:00:00,0.9969935,0.06173505
2024-10-28T13:00:00,0.9978675,0.0062568346
2024-10-28T14:00:00,0.9979614,0.00066293107
2024-10-28T15:00:00,0.9979702,6.211291e-05
2024-10-28T16:00:00,0.78618443,-1.2279981
2024-10-28T17:00:00,0.40316033,-2.2636514
2024-10-28T18:00:00,0.0040573357,-2.3628905
2024-10-28T19:00:00,3.9417405e-06,-0.024021467
2024-10-28T20:00:00,0.0,-2.29892e-05
2024-10-28T21:00:00,0.0,0.0
2024-10-28T22:00:00,0.0,0.0
2024-10-28T23:00:00,0.0,0.0
2024-10-29T00:00:00,0.0,0.0
2024-10-29T01:00:00,0.0,0.0
2024-10-29T02:00:00,0.0,0.0
2024-10-29T03:00:00,0.0,0.0
2024-10-29T04:00:00,0.0,0.0
2024-10-29T05:00:00,0.0,0.0
2024-10-29T06:00:00,0.0,0.0
2024-10-29T07:00:00,0.0,0.0
2024-10-29T08:00:00,0.07684021,0.5499282
2024-10-29T09:00:00,0.27002662,1.3612587
2024-10-29T10:00:00,0.44688386,1.2488497
2024-10-29T11:00:00,0.5929209,1.0354145
2024-10-29T12:00:00,0.7043223,0.79352075
2024-10-29T13:00:00,0.75543094,0.36708236
2024-10-29T14:00:00,0.97902954,1.5522008
2024-10-29T15:00:00,0.996237,0.12116199
2024-10-29T16:00:00,0.99376196,-0.014016724
2024-10-29T17:00:00,0.77055734,-1.295873
2024-10-29T18:00:00,0.45290712,-1.8637187
2024-10-29T19:00:00,0.20428039,-1.4476047
2024-10-29T20:00:00,0.0053340197,-1.1518849
2024-10-29T21:00:00,2.8450428e-05,-0.030883584
2024-10-29T22:00:00,0.0,-0.00016475319
2024-10-29T23:00:00,0.0,0.0
2024-10-30T00:00:00,0.0,0.0
2024-10-30T01:00:00,0.0,0.0
2024-10-30T02:00:00,0.0,0.0
2024-10-30T03:00:00,0.0,0.0
2024-10-30T04:00:00,0.0,0.0
2024-10-30T05:00:00,0.0,0.0
2024-10-30T06:00:00,0.0,0.0
2024-10-30T07:00:00,0.0,0.0
2024-10-30T08:00:00,0.0,0.0
2024-10-30T09:00:00,0.15789972,1.1177645
2024-10-30T10:00:00,0.31860518,1.1372051
2024-10-30T11:00:00,0.45708296,0.9828069
2024-10-30T12:00:00,0.6490398,1.3528104
2024-10-30T13:00:00,0.88326895,1.6418678
2024-10-30T14:00:00,0.98681176,0.7339688
2024-10-30T15:00:00,0.9968599,0.071291186
2024-10-30T16:00:00,0.9978428,0.006982661
2024-10-30T17:00:00,0.8371195,-0.9265793
2024-10-30T18:00:00,0.52448004,-1.8332994
2024-10-30T19:00:00,0.22530271,-1.7517375
2024-10-30T20:00:00,0.13172448,-0.53542006
2024-10-30T21:00:00,0.002915573,-0.75367874
2024-10-30T22:00:00,0.0,-0.016985325
2024-10-30T23:00:00,0.0,0.0
2024-10-31T00:00:00,0.0,0.0
2024-10-31T01:00:00,0.0,0.0
2024-10-31T02:00:00,0.0,0.0
2024-10-31T03:00:00,0.0,0.0
2024-10-31T04:00:00,0.0,0.0
2024-10-31T05:00:00,0.0,0.0
2024-10-31T06:00:00,0.0,0.0
2024-10-31T07:00:00,0.0,0.0
2024-10-31T08:00:00,0.30284953,2.1049829
2024-10-31T09:00:00,0.5292859,1.5887979
2024-10-31T10:00:00,0.66000515,0.9287054
2024-10-31T11:00:00,0.8785916,1.535238
2024-10-31T12:00:00,0.9860099,0.76383984
2024-10-31T13:00:00,0.99676937,0.07635888
2024-10-31T14:00:00,0.99783117,0.0074978685
2024-10-31T15:00:00,0.9979306,0.00070232915
2024-10-31T16:00:00,0.9117224,-0.49284193
2024-10-31T17:00:00,0.6919441,-1.2754886
2024-10-31T18:00:00,0.36452222,-1.9231367
2024-10-31T19:00:00,0.059038445,-1.7899158
2024-10-31T20:00:00,0.0,-0.34528744
2024-10-31T21:00:00,0.05495312,0.3944828
2024-10-31T22:00:00,0.00163517,-0.30368543
2024-10-31T23:00:00,1.2055986e-05,-0.009313511
2024-11-01T00:00:00,0.0,-6.899634e-05
2024-11-01T01:00:00,0.0,0.0
2024-11-01T02:00:00,0.0,0.0
2024-11-01T03:00:00,0.0,0.0
2024-11-01T04:00:00,0.0,0.0
2024-11-01T05:00:00,0.0,0.0
2024-11-01T06:00:00,0.0,0.0
2024-11-01T07:00:00,0.137592,0.9766358
2024-11-01T08:00:00,0.37136018,1.6387315
2024-11-01T09:00:00,0.6785234,2.1338496
2024-11-01T10:00:00,0.7981291,0.85101753
2024-11-01T11:00:00,0.9169474,0.84550494
2024-11-01T12:00:00,0.9897187,0.51829326
2024-11-01T13:00:00,0.9970103,0.052554633
2024-11-01T14:00:00,0.99784404,0.0058880327
2024-11-01T15:00:00,0.9979222,0.0005520045
2024-11-01T16:00:00,0.7860059,-1.228773
2024-11-01T17:00:00,0.38322094,-2.3856645
2024-11-01T18:00:00,0.03347188,-2.059376
2024-11-01T19:00:00,0.0,-0.19580893
2024-11-01T20:00:00,0.0,0.0
2024-11-01T21:00:00,0.0,0.0
2024-11-01T22:00:00,0.0,0.0
2024-11-01T23:00:00,0.0,0.0
2024-11-02T00:00:00,0.0,0.0
2024-11-02T01:00:00,0.0,0.0
2024-11-02T02:00:00,0.0,0.0
2024-11-02T03:00:00,0.0,0.0
2024-11-02T04:00:00,0.0,0.0
2024-11-02T05:00:00,0.0,0.0
2024-11-02T06:00:00,0.0,0.0
2024-11-02T07:00:00,0.13273332,0.94276035
2024-11-02T08:00:00,0.42366526,2.0250828
2024-11-02T09:00:00,0.698333,1.9156857
2024-11-02T10:00:00,0.8596776,1.1416315
2024-11-02T11:00:00,0.98482937,0.8847575
2024-11-02T12:00:00,0.9965195,0.08378188
2024-11-02T13:00:00,0.9977717,0.008964572
2024-11-02T14:00:00,0.99790627,0.0009506108
2024-11-02T15:00:00,0.9979187,8.924736e-05
2024-11-02T16:00:00,0.78599304,-1.2288288
2024-11-02T17:00:00,0.38001713,-2.4054158
2024-11-02T18:00:00,0.0,-2.2507892
2024-11-02T19:00:00,0.0008823851,0.0063829357
2024-11-02T20:00:00,0.02264843,0.15698022
2024-11-02T21:00:00,0.099477515,0.54984945
2024-11-02T22:00:00,0.04137249,-0.33112988
2024-11-02T23:00:00,0.023045998,-0.10397245
2024-11-03T00:00:00,0.000251621,-0.13074782
2024-11-03T01:00:00,0.0,-0.0014268726
2024-11-03T02:00:00,0.0,0.0
2024-11-03T03:00:00,0.0,0.0
2024-11-03T04:00:00,0.0,0.0
2024-11-03T05:00:00,0.0,0.0
2024-11-03T06:00:00,0.0,0.0
2024-11-03T07:00:00,0.20156991,1.4187921
2024-11-03T08:00:00,0.4972963,2.057253
2024-11-03T09:00:00,0.79297096,2.056906
2024-11-03T10:00:00,0.8944971,0.7241482
2024-11-03T11:00:00,0.98738444,0.6618407
2024-11-03T12:00:00,0.9968854,0.06735838
2024-11-03T13:00:00,0.9977987,0.006551772
2024-11-03T14:00:00,0.99789876,0.00070686004
2024-11-03T15:00:00,0.997908,6.6368804e-05
2024-11-03T16:00:00,0.78595316,-1.2290019
2024-11-03T17:00:00,0.37650183,-2.426944
2024-11-03T18:00:00,0.0,-2.2252555
2024-11-03T19:00:00,0.0,0.0
2024-11-03T20:00:00,0.0,0.0
2024-11-03T21:00:00,0.0,0.0
2024-11-03T22:00:00,0.0,0.0
2024-11-03T23:00:00,0.0,0.0
2024-11-04T00:00:00,0.0,0.0
2024-11-04T01:00:00,0.0,0.0
2024-11-04T02:00:00,0.0,0.0
2024-11-04T03:00:00,0.0,0.0
2024-11-04T04:00:00,0.0,0.0
2024-11-04T05:00:00,0.0,0.0
2024-11-04T06:00:00,0.0,0.0
2024-11-04T07:00:00,0.12044734,0.8569089
2024-11-04T08:00:00,0.4142697,2.0444813
2024-11-04T09:00:00,0.6894791,1.9193357
2024-11-04T10:00:00,0.8701406,1.275079
2024-11-04T11:00:00,0.9855916,0.8176585
2024-11-04T12:00:00,0.9966455,0.07876813
2024-11-04T13:00:00,0.99778163,0.008022648
2024-11-04T14:00:00,0.997888,0.000751414
2024-11-04T15:00:00,0.997898,7.0486756e-05
2024-11-04T16:00:00,0.785916,-1.2291633
2024-11-04T17:00:00,0.36540872,-2.4955363
2024-11-04T18:00:00,0.0,-2.1618667
2024-11-04T19:00:00,0.0,0.0
2024-11-04T20:00:00,0.0,0.0
2024-11-04T21:00:00,0.0,0.0
2024-11-04T22:00:00,0.0,0.0
2024-11-04T23:00:00,0.0,0.0
2024-11-05T00:00:00,0.011566833,0.08354324
2024-11-05T01:00:00,0.00044725774,-0.06559603
2024-11-05T02:00:00,0.0,-0.0026299055
2024-11-05T03:00:00,0.0,0.0
2024-11-05T04:00:00,0.0,0.0
2024-11-05T05:00:00,0.0,0.0
2024-11-05T06:00:00,0.0,0.0
2024-11-05T07:00:00,0.0,0.0
2024-11-05T08:00:00,0.0,0.0
2024-11-05T09:00:00,0.2760221,1.924811
2024-11-05T10:00:00,0.36596724,0.64255965
2024-11-05T11:00:00,0.38732994,0.15407996
2024-11-05T12:00:00,0.5624059,1.2365593
2024-11-05T13:00:00,0.69877654,0.96812433
2024-11-05T14:00:00,0.9756874,1.914329
2024-11-05T15:00:00,0.99593765,0.14209008
2024-11-05T16:00:00,0.8683811,-0.7326296
2024-11-05T17:00:00,0.6321355,-1.3736011
2024-11-05T18:00:00,0.34891888,-1.655348
2024-11-05T19:00:00,0.019567575,-1.9348837
2024-11-05T20:00:00,0.0,-0.11194599
2024-11-05T21:00:00,0.0,0.0
2024-11-05T22:00:00,0.0,0.0
2024-11-05T23:00:00,0.0,0.0
2024-11-06T00:00:00,0.0,0.0
2024-11-06T01:00:00,0.0,0.0
2024-11-06T02:00:00,0.0,0.0
2024-11-06T03:00:00,0.0,0.0
2024-11-06T04:00:00,0.0,0.0
2024-11-06T05:00:00,0.0,0.0
2024-11-06T06:00:00,0.0,0.0
2024-11-06T07:00:00,0.07079722,0.50710285
2024-11-06T08:00:00,0.10580304,0.25199473
2024-11-06T09:00:00,0.41810447,2.168197
2024-11-06T10:00:00,0.56276065,1.0258124
2024-11-06T11:00:00,0.7023057,0.99024063
2024-11-06T12:00:00,0.85424984,1.0764525
2024-11-06T13:00:00,0.91810423,0.4578132
2024-11-06T14:00:00,0.99108833,0.51056
2024-11-06T15:00:00,0.99724084,0.043459192
2024-11-06T16:00:00,0.99780864,0.0040829065
2024-11-06T17:00:00,0.78558385,-1.2306044
2024-11-06T18:00:00,0.41089585,-2.212337
2024-11-06T19:00:00,0.01588305,-2.3376129
2024-11-06T20:00:00,0.0,-0.090370014
2024-11-06T21:00:00,0.0,0.0
2024-11-06T22:00:00,0.0,0.0
2024-11-06T23:00:00,0.0,0.0
2024-11-07T00:00:00,0.0,0.0
2024-11-07T01:00:00,0.0,0.0
2024-11-07T02:00:00,0.0,0.0
2024-11-07T03:00:00,0.0,0.0
2024-11-07T04:00:00,0.0,0.0
2024-11-07T05:00:00,0.0,0.0
2024-11-07T06:00:00,0.0,0.0
2024-11-07T07:00:00,0.0,0.0
2024-11-07T08:00:00,0.03196541,0.23020664
2024-11-07T09:00:00,0.04495424,0.09379478
2024-11-07T10:00:00,0.18332028,0.9820286
2024-11-07T11:00:00,0.33927184,1.1042576
2024-11-07T12:00:00,0.42582977,0.6186487
2024-11-07T13:00:00,0.4654817,0.2852537
2024-11-07T14:00:00,0.81352466,2.4060147
2024-11-07T15:00:00,0.9833718,1.1798084
2024-11-07T16:00:00,0.85519075,-0.73626816
2024-11-07T17:00:00,0.5786353,-1.6152192
2024-11-07T18:00:00,0.33982283,-1.3889272
2024-11-07T19:00:00,0.18910831,-0.86789936
2024-11-07T20:00:00,0.0020144484,-1.0889926
2024-11-07T21:00:00,0.0,-0.011464119
2024-11-07T22:00:00,0.0,0.0
2024-11-07T23:00:00,0.0,0.0
2024-11-08T00:00:00,0.030980498,0.22314462
2024-11-08T01:00:00,0.0003907197,-0.17617744
2024-11-08T02:00:00,0.0,-0.0022393279
2024-11-08T03:00:00,0.0,0.0
2024-11-08T04:00:00,0.027058272,0.19500208
2024-11-08T05:00:00,0.00021066684,-0.15378742
2024-11-08T06:00:00,0.0,-0.0012045696
2024-11-08T07:00:00,0.090072624,0.6434591
2024-11-08T08:00:00,0.28884172,1.3995844
2024-11-08T09:00:00,0.56378496,1.9175417
2024-11-08T10:00:00,0.75665534,1.3590875
2024-11-08T11:00:00,0.84248805,0.61352664
2024-11-08T12:00:00,0.9831979,0.99437463
2024-11-08T13:00:00,0.99621576,0.093826465
2024-11-08T14:00:00,0.9976933,0.010511858
2024-11-08T15:00:00,0.9978427,0.0010555531
2024-11-08T16:00:00,0.9300743,-0.38662067
2024-11-08T17:00:00,0.5382958,-2.3176403
2024-11-08T18:00:00,0.23235081,-1.7927101
2024-11-08T19:00:00,0.040408067,-1.1104584
2024-11-08T20:00:00,0.0002850906,-0.23377532
2024-11-08T21:00:00,1.0605615e-07,-0.0016610718
2024-11-08T22:00:00,0.0,-6.0954284e-07
2024-11-08T23:00:00,0.0,0.0
2024-11-09T00:00:00,0.0,0.0
2024-11-09T01:00:00,0.03024898,0.21789822
2024-11-09T02:00:00,0.0001824965,-0.1719997
2024-11-09T03:00:00,1.5122226e-06,-0.0010439978
2024-11-09T04:00:00,0.0,-8.717616e-06
2024-11-09T05:00:00,0.0,0.0
2024-11-09T06:00:00,0.0,0.0
2024-11-09T07:00:00,0.0,0.0
2024-11-09T08:00:00,0.0784389,0.5612461
2024-11-09T09:00:00,0.4286761,2.4205525
2024-11-09T10:00:00,0.5913245,1.1506596
2024-11-09T11:00:00,0.7241794,0.9436085
2024-11-09T12:00:00,0.9662173,1.6949474
2024-11-09T13:00:00,0.9944584,0.20243692
2024-11-09T14:00:00,0.99753255,0.021692876
2024-11-09T15:00:00,0.99781156,0.0020180845
2024-11-09T16:00:00,0.997844,0.0002324147
2024-11-09T17:00:00,0.99784744,2.4894009e-05
2024-11-09T18:00:00,0.87918895,-0.68084025
2024-11-09T19:00:00,0.63194066,-1.4393562
2024-11-09T20:00:00,0.43950418,-1.1133767
2024-11-09T21:00:00,0.31304878,-0.7262149
2024-11-09T22:00:00,0.11012496,-1.1754404
2024-11-09T23:00:00,0.00018201023,-0.63790107
2024-11-10T00:00:00,0.0,-0.0010483606
2024-11-10T01:00:00,0.0,0.0
2024-11-10T02:00:00,0.09179611,0.65561676
2024-11-10T03:00:00,0.15189448,0.43110895
2024-11-10T04:00:00,0.149412,-0.0140588
2024-11-10T05:00:00,0.0034709072,-0.84615403
2024-11-10T06:00:00,5.0481256e-05,-0.020124024
2024-11-10T07:00:00,0.0,-0.00029453554
2024-11-10T08:00:00,0.0,0.0
2024-11-10T09:00:00,0.06323441,0.45340732
2024-11-10T10:00:00,0.097010516,0.24318463
2024-11-10T11:00:00,0.3644228,1.8667495
2024-11-10T12:00:00,0.44908732,0.6052734
2024-11-10T13:00:00,0.57059914,0.864358
2024-11-10T14:00:00,0.644071,0.5260661
2024-11-10T15:00:00,0.81597245,1.2146428
2024-11-10T16:00:00,0.9133674,0.6950725
2024-11-10T17:00:00,0.79999787,-0.650106
2024-11-10T18:00:00,0.6639963,-0.7818774
2024-11-10T19:00:00,0.6086037,-0.31557557
2024-11-10T20:00:00,0.5929226,-0.08893762
2024-11-10T21:00:00,0.39400613,-1.1517081
2024-11-10T22:00:00,0.241012,-0.8812529
2024-11-10T23:00:00,0.12697688,-0.65397173
2024-11-11T00:00:00,0.0008403734,-0.7281905
2024-11-11T01:00:00,1.6354147e-06,-0.004851505
2024-11-11T02:00:00,1.4247944e-08,-9.459715e-06
2024-11-11T03:00:00,0.0,-8.292722e-08
2024-11-11T04:00:00,0.0,0.0
2024-11-11T05:00:00,0.0,0.0
2024-11-11T06:00:00,0.0,0.0
2024-11-11T07:00:00,0.058041815,0.4164757
2024-11-11T08:00:00,0.3623733,2.114903
2024-11-11T09:00:00,0.69715446,2.317996
2024-11-11T10:00:00,0.93031424,1.6345913
2024-11-11T11:00:00,0.9913341,0.4320852
2024-11-11T12:00:00,0.9972287,0.041556053
2024-11-11T13:00:00,0.997771,0.0038303977
2024-11-11T14:00:00,0.9978219,0.00035938548
2024-11-11T15:00:00,0.9978267,3.3608532e-05
2024-11-11T16:00:00,0.9978271,3.0907863e-06
2024-11-11T17:00:00,0.9978272,4.2048276e-07
2024-11-11T18:00:00,0.95910186,-0.22020741
2024-11-11T19:00:00,0.9367519,-0.12685655
2024-11-11T20:00:00,0.95006657,0.096143246
2024-11-11T21:00:00,0.9925755,0.3056657
2024-11-11T22:00:00,0.9972691,0.03360682
2024-11-11T23:00:00,0.9971148,-0.00087376684
2024-11-12T00:00:00,0.7830055,-1.2417957
2024-11-12T01:00:00,0.5918502,-1.1058043
2024-11-12T02:00:00,0.54603785,-0.2607152
2024-11-12T03:00:00,0.56064177,0.10543336
2024-11-12T04:00:00,0.51990646,-0.23168917
2024-11-12T05:00:00,0.50159794,-0.10387018
2024-11-12T06:00:00,0.59516495,0.6681029
2024-11-12T07:00:00,0.7750787,1.2699255
2024-11-12T08:00:00,0.9778115,1.4255613
2024-11-12T09:00:00,0.99605125,0.12806419
2024-11-12T10:00:00,0.997656,0.011329228
2024-11-12T11:00:00,0.99780494,0.0010588618
2024-11-12T12:00:00,0.9978199,0.00010556373
2024-11-12T13:00:00,0.9978213,9.8143e-06
2024-11-12T14:00:00,0.9978214,1.0404469e-06
2024-11-12T15:00:00,0.99782145,2.775023e-07
2024-11-12T16:00:00,0.99782145,-1.0396884e-07
2024-11-12T17:00:00,0.90011543,-0.5592976
2024-11-12T18:00:00,0.6865998,-1.2382694
2024-11-12T19:00:00,0.5286005,-0.91059595
2024-11-12T20:00:00,0.552539,0.17259501
2024-11-12T21:00:00,0.5893805,0.26514074
2024-11-12T22:00:00,0.6212916,0.22981714
2024-11-12T23:00:00,0.61844313,-0.016132109
2024-11-13T00:00:00,0.63579535,0.12522574
2024-11-13T01:00:00,0.71781266,0.58656126
2024-11-13T02:00:00,0.83011377,0.7998324
2024-11-13T03:00:00,0.9519369,0.86653626
2024-11-13T04:00:00,0.99326205,0.2936321
2024-11-13T05:00:00,0.9973393,0.029149657
2024-11-13T06:00:00,0.99777186,0.0030550743
2024-11-13T07:00:00,0.9978121,0.00028673303
2024-11-13T08:00:00,0.9978162,2.9239529e-05
2024-11-13T09:00:00,0.9978166,2.917971e-06
2024-11-13T10:00:00,0.9978167,2.4766823e-07
2024-11-13T11:00:00,0.9978167,-1.3380276e-07
2024-11-13T12:00:00,0.9978167,-1.3380343e-07
2024-11-13T13:00:00,0.9978167,-1.338041e-07
2024-11-13T14:00:00,0.9978167,-1.3380476e-07
2024-11-13T15:00:00,0.9978167,-1.3380543e-07
2024-11-13T16:00:00,0.85703635,-0.8097864
2024-11-13T17:00:00,0.5149408,-2.0126
2024-11-13T18:00:00,0.44716027,-0.38668993
2024-11-13T19:00:00,0.25188896,-1.1301388
2024-11-13T20:00:00,0.1375732,-0.6556019
2024-11-13T21:00:00,0.18444356,0.336841
2024-11-13T22:00:00,0.15414657,-0.17211714
2024-11-13T23:00:00,0.08714515,-0.38221157
2024-11-14T00:00:00,0.032073133,-0.31373814
2024-11-14T01:00:00,0.0,-0.18258221
2024-11-14T02:00:00,0.0,0.0
2024-11-14T03:00:00,0.0,0.0
2024-11-14T04:00:00,0.0,0.0
2024-11-14T05:00:00,0.0,0.0
2024-11-14T06:00:00,0.0,0.0
2024-11-14T07:00:00,0.12660857,0.89999664
2024-11-14T08:00:00,0.31287384,1.3136702
2024-11-14T09:00:00,0.60796034,2.0529613
2024-11-14T10:00:00,0.73298204,0.8889058
2024-11-14T11:00:00,0.905328,1.2177128
2024-11-14T12:00:00,0.9886651,0.5918637
2024-11-14T13:00:00,0.9968977,0.05850308
2024-11-14T14:00:00,0.997721,0.00581419
2024-11-14T15:00:00,0.78525823,-1.2320176
2024-11-14T16:00:00,0.6987265,-0.4947101
2024-11-14T17:00:00,0.34430867,-2.087948
2024-11-14T18:00:00,0.042750172,-1.7661465
2024-11-14T19:00:00,0.0,-0.24405444
2024-11-14T20:00:00,0.0,0.0
2024-11-14T21:00:00,0.0,0.0
2024-11-14T22:00:00,0.0,0.0
2024-11-14T23:00:00,0.0,0.0
2024-11-15T00:00:00,0.0,0.0
2024-11-15T01:00:00,0.0,0.0
2024-11-15T02:00:00,0.0,0.0
2024-11-15T03:00:00,0.0,0.0
2024-11-15T04:00:00,0.0,0.0
2024-11-15T05:00:00,0.0,0.0
2024-11-15T06:00:00,0.0,0.0
2024-11-15T07:00:00,0.16730382,1.1828697
2024-11-15T08:00:00,0.41701517,1.7470108
2024-11-15T09:00:00,0.7459738,2.2792692
2024-11-15T10:00:00,0.97704375,1.6116717
2024-11-15T11:00:00,0.99583125,0.13281608
2024-11-15T12:00:00,0.9975959,0.012575383
2024-11-15T13:00:00,0.9977766,0.001281528
2024-11-15T14:00:00,0.8013291,-1.1370968
2024-11-15T15:00:00,0.9403336,0.9864763
2024-11-15T16:00:00,0.5973989,-2.017725
2024-11-15T17:00:00,0.23236531,-2.153024
2024-11-15T18:00:00,0.0,-1.3582481
2024-11-15T19:00:00,0.0,0.0
2024-11-15T20:00:00,0.0,0.0
2024-11-15T21:00:00,0.0,0.0
2024-11-15T22:00:00,0.0,0.0
2024-11-15T23:00:00,0.0,0.0
2024-11-16T00:00:00,0.0,0.0
2024-11-16T01:00:00,0.0,0.0
2024-11-16T02:00:00,0.0,0.0
2024-11-16T03:00:00,0.0,0.0
2024-11-16T04:00:00,0.0,0.0
2024-11-16T05:00:00,0.0,0.0
2024-11-16T06:00:00,0.0002483976,0.0017970052
2024-11-16T07:00:00,0.09861253,0.70189667
2024-11-16T08:00:00,0.42026082,2.2305746
2024-11-16T09:00:00,0.74749136,2.2677655
2024-11-16T10:00:00,0.629754,-0.675485
2024-11-16T11:00:00,0.80561936,1.2420068
2024-11-16T12:00:00,0.59344995,-1.2302759
2024-11-16T13:00:00,0.8369107,1.7046083
2024-11-16T14:00:00,0.61684865,-1.2771763
2024-11-16T15:00:00,0.43762958,-1.0353628
2024-11-16T16:00:00,0.49008894,0.3767125
2024-11-16T17:00:00,0.26514485,-1.3062279
2024-11-16T18:00:00,0.25571865,-0.053424504
2024-11-16T19:00:00,0.14218606,-0.65105295
2024-11-16T20:00:00,0.20881501,0.47752213
2024-11-16T21:00:00,0.258618,0.35776985
2024-11-16T22:00:00,0.30998433,0.36891955
2024-11-16T23:00:00,0.09680828,-1.2362529
2024-11-17T00:00:00,0.00096849,-0.5614117
2024-11-17T01:00:00,0.0,-0.00553719
2024-11-17T02:00:00,0.0,0.0
2024-11-17T03:00:00,0.0,0.0
2024-11-17T04:00:00,0.0,0.0
2024-11-17T05:00:00,0.0,0.0
2024-11-17T06:00:00,0.0,0.0
2024-11-17T07:00:00,0.24140039,1.6906177
2024-11-17T08:00:00,0.56355184,2.233929
2024-11-17T09:00:00,0.9121789,2.4098852
2024-11-17T10:00:00,0.98952526,0.5477914
2024-11-17T11:00:00,0.9969708,0.052771825
2024-11-17T12:00:00,0.9314678,-0.3736009
2024-11-17T13:00:00,0.9319261,0.003315618
2024-11-17T14:00:00,0.8135595,-0.67914325
2024-11-17T15:00:00,0.8965233,0.59325325
2024-11-17T16:00:00,0.52266294,-2.2072477
2024-11-17T17:00:00,0.15558541,-2.1655707
2024-11-17T18:00:00,0.0,-0.9127865
2024-11-17T19:00:00,0.035758786,0.2573877
2024-11-17T20:00:00,0.04283925,0.051172603
2024-11-17T21:00:00,0.093045905,0.3606492
2024-11-17T22:00:00,0.156656,0.4560773
2024-11-17T23:00:00,0.002539597,-0.89494133
2024-11-18T00:00:00,0.0,-0.0147141265
2024-11-18T01:00:00,0.0,0.0
2024-11-18T02:00:00,0.0,0.0
2024-11-18T03:00:00,0.0,0.0
2024-11-18T04:00:00,0.0,0.0
2024-11-18T05:00:00,0.0,0.0
2024-11-18T06:00:00,0.0,0.0
2024-11-18T07:00:00,0.034762815,0.25025395
2024-11-18T08:00:00,0.23346576,1.3991306
2024-11-18T09:00:00,0.5258747,2.034997
2024-11-18T10:00:00,0.7390672,1.4983763
2024-11-18T11:00:00,0.9763469,1.6556323
2024-11-18T12:00:00,0.8922961,-0.48039195
2024-11-18T13:00:00,0.9878564,0.6749567
2024-11-18T14:00:00,0.981095,-0.03830965
2024-11-18T15:00:00,0.9959757,0.106639914
2024-11-18T16:00:00,0.9348488,-0.34846944
2024-11-18T17:00:00,0.55467737,-2.2460809
2024-11-18T18:00:00,0.19603695,-2.1138153
2024-11-18T19:00:00,0.15995432,-0.20511882
2024-11-18T20:00:00,0.00908861,-0.86878484
2024-11-18T21:00:00,9.159668e-05,-0.052338246
2024-11-18T22:00:00,0.0,-0.00053244137
2024-11-18T23:00:00,0.0,0.0
2024-11-19T00:00:00,0.0,0.0
2024-11-19T01:00:00,0.0,0.0
2024-11-19T02:00:00,0.0,0.0
2024-11-19T03:00:00,0.0,0.0
2024-11-19T04:00:00,0.0,0.0
2024-11-19T05:00:00,0.0,0.0
2024-11-19T06:00:00,0.0,0.0
2024-11-19T07:00:00,0.24609846,1.7225096
2024-11-19T08:00:00,0.58791995,2.3647552
2024-11-19T09:00:00,0.89027876,2.1016972
2024-11-19T10:00:00,0.9878943,0.6878032
2024-11-19T11:00:00,0.99673426,0.06306028
2024-11-19T12:00:00,0.9976436,0.006484189
2024-11-19T13:00:00,0.8390852,-0.91387546
2024-11-19T14:00:00,0.93308425,0.67114824
2024-11-19T15:00:00,0.99143714,0.4138363
2024-11-19T16:00:00,0.7619367,-1.33337
2024-11-19T17:00:00,0.37480205,-2.2889888
2024-11-19T18:00:00,0.12458788,-1.4571042
2024-11-19T19:00:00,0.0,-0.71962434
2024-11-19T20:00:00,0.0,0.0
2024-11-19T21:00:00,0.0,0.0
2024-11-19T22:00:00,0.0,0.0
2024-11-19T23:00:00,0.0,0.0
2024-11-20T00:00:00,0.0,0.0
2024-11-20T01:00:00,0.0,0.0
2024-11-20T02:00:00,0.0,0.0
2024-11-20T03:00:00,0.0,0.0
2024-11-20T04:00:00,0.0,0.0
2024-11-20T05:00:00,0.0,0.0
2024-11-20T06:00:00,0.0,0.0
2024-11-20T07:00:00,0.18027487,1.2724146
2024-11-20T08:00:00,0.33659118,1.106787
2024-11-20T09:00:00,0.434464,0.6984377
2024-11-20T10:00:00,0.35471013,-0.45561227
2024-11-20T11:00:00,0.37988532,0.1814796
2024-11-20T12:00:00,0.14159235,-1.3858248
2024-11-20T13:00:00,0.00040024082,-0.8234494
2024-11-20T14:00:00,0.06932979,0.49385282
2024-11-20T15:00:00,3.0475123e-06,-0.3963581
2024-11-20T16:00:00,1.5575518e-08,-1.7423381e-05
2024-11-20T17:00:00,2.7493502e-10,-8.9506536e-08
2024-11-20T18:00:00,3.5517312e-12,-1.6083362e-09
2024-11-20T19:00:00,0.0,-2.1036055e-11
2024-11-20T20:00:00,0.0,0.0
2024-11-20T21:00:00,0.0,0.0
2024-11-20T22:00:00,0.0,0.0
2024-11-20T23:00:00,0.0,0.0
2024-11-21T00:00:00,0.0,0.0
2024-11-21T01:00:00,0.0,0.0
2024-11-21T02:00:00,0.0,0.0
2024-11-21T03:00:00,0.0,0.0
2024-11-21T04:00:00,0.0,0.0
2024-11-21T05:00:00,0.0,0.0
2024-11-21T06:00:00,0.0,0.0
2024-11-21T07:00:00,0.0810104,0.57944053
2024-11-21T08:00:00,0.31879506,1.6660485
2024-11-21T09:00:00,0.61933064,2.0894864
2024-11-21T10:00:00,0.70704955,0.6268468
2024-11-21T11:00:00,0.9162492,1.471058
2024-11-21T12:00:00,0.9905864,0.521483
2024-11-21T13:00:00,0.99701583,0.04572239
2024-11-21T14:00:00,0.9976635,0.004573787
2024-11-21T15:00:00,0.997723,0.00042871432
2024-11-21T16:00:00,0.78526556,-1.2319859
2024-11-21T17:00:00,0.36686528,-2.4824517
2024-11-21T18:00:00,0.008775627,-2.11044
2024-11-21T19:00:00,0.0,-0.050289344
2024-11-21T20:00:00,0.0,0.0
2024-11-21T21:00:00,0.0,0.0
2024-11-21T22:00:00,0.0,0.0
2024-11-21T23:00:00,0.0,0.0
2024-11-22T00:00:00,0.0,0.0
2024-11-22T01:00:00,0.0,0.0
2024-11-22T02:00:00,0.0,0.0
2024-11-22T03:00:00,0.0,0.0
2024-11-22T04:00:00,0.0,0.0
2024-11-22T05:00:00,0.0,0.0
2024-11-22T06:00:00,0.0,0.0
2024-11-22T07:00:00,0.16471054,1.1649318
2024-11-22T08:00:00,0.29549873,0.9291867
2024-11-22T09:00:00,0.5806869,1.9864959
2024-11-22T10:00:00,0.85289544,1.8991079
2024-11-22T11:00:00,0.9853684,0.9268849
2024-11-22T12:00:00,0.99660224,0.07905347
2024-11-22T13:00:00,0.9976157,0.00715633
2024-11-22T14:00:00,0.9977106,0.00067016436
2024-11-22T15:00:00,0.99771947,6.286118e-05
2024-11-22T16:00:00,0.78525245,-1.2320427
2024-11-22T17:00:00,0.3656597,-2.4898562
2024-11-22T18:00:00,0.0,-2.165722
2024-11-22T19:00:00,0.0,0.0
2024-11-22T20:00:00,0.0,0.0
2024-11-22T21:00:00,0.0,0.0
2024-11-22T22:00:00,0.0,0.0
2024-11-22T23:00:00,0.0,0.0
2024-11-23T00:00:00,0.0,0.0
2024-11-23T01:00:00,0.0,0.0
2024-11-23T02:00:00,0.0,0.0
2024-11-23T03:00:00,0.0,0.0
2024-11-23T04:00:00,0.0,0.0
2024-11-23T05:00:00,0.0,0.0
2024-11-23T06:00:00,0.0,0.0
2024-11-23T07:00:00,0.16254808,1.1499648
2024-11-23T08:00:00,0.30733588,1.0267277
2024-11-23T09:00:00,0.5984146,2.026068
2024-11-23T10:00:00,0.8245797,1.5869488
2024-11-23T11:00:00,0.9826916,1.1080419
2024-11-23T12:00:00,0.99636173,0.09612039
2024-11-23T13:00:00,0.9975814,0.008630966
2024-11-23T14:00:00,0.9976982,0.0008249076
2024-11-23T15:00:00,0.99770916,7.760428e-05
2024-11-23T16:00:00,0.7852141,-1.232209
2024-11-23T17:00:00,0.39328685,-2.318559
2024-11-23T18:00:00,0.17705983,-1.2543771
2024-11-23T19:00:00,0.17647561,-0.0033078508
2024-11-23T20:00:00,0.16441776,-0.06836008
2024-11-23T21:00:00,0.20433201,0.28713018
2024-11-23T22:00:00,0.22603706,0.15654165
2024-11-23T23:00:00,0.006850874,-1.2837204
2024-11-24T00:00:00,2.7071317e-05,-0.04012391
2024-11-24T01:00:00,0.0,-0.00015530612
2024-11-24T02:00:00,0.073741,0.5279736
2024-11-24T03:00:00,0.23152421,1.116957
2024-11-24T04:00:00,0.15370047,-0.4444893
2024-11-24T05:00:00,0.0018944029,-0.8778582
2024-11-24T06:00:00,3.1785992e-06,-0.010954879
2024-11-24T07:00:00,0.11160731,0.7949431
2024-11-24T08:00:00,0.39058277,1.9447006
2024-11-24T09:00:00,0.70645803,2.192063
2024-11-24T10:00:00,0.79481095,0.63132244
2024-11-24T11:00:00,0.89496213,0.7144745
2024-11-24T12:00:00,0.9880124,0.6575087
2024-11-24T13:00:00,0.9967096,0.061983835
2024-11-24T14:00:00,0.99759734,0.006321371
2024-11-24T15:00:00,0.9976866,0.0006397292
2024-11-24T16:00:00,0.78513044,-1.2325723
2024-11-24T17:00:00,0.38057953,-2.3965936
2024-11-24T18:00:00,0.07201883,-1.8085623
2024-11-24T19:00:00,0.0,-0.41325197
2024-11-24T20:00:00,0.0,0.0
2024-11-24T21:00:00,0.022986658,0.16575472
2024-11-24T22:00:00,0.025436858,0.01772009
2024-11-24T23:00:00,0.003010058,-0.12729368
2024-11-25T00:00:00,6.1410625e-05,-0.017084977
2024-11-25T01:00:00,0.0,-0.00035481885
2024-11-25T02:00:00,0.0,0.0
2024-11-25T03:00:00,0.0,0.0
2024-11-25T04:00:00,0.0,0.0
2024-11-25T05:00:00,0.0,0.0
2024-11-25T06:00:00,0.002948192,0.021320093
2024-11-25T07:00:00,0.13418315,0.932305
2024-11-25T08:00:00,0.38259822,1.7382224
2024-11-25T09:00:00,0.70123535,2.2104936
2024-11-25T10:00:00,0.8357434,0.95513904
2024-11-25T11:00:00,0.9837109,1.0364444
2024-11-25T12:00:00,0.9963889,0.0894475
2024-11-25T13:00:00,0.99756515,0.008307679
2024-11-25T14:00:00,0.99767554,0.00077971304
2024-11-25T15:00:00,0.99768585,7.3227195e-05
2024-11-25T16:00:00,0.7851275,-1.2325848
2024-11-25T17:00:00,0.3784784,-2.4095848
2024-11-25T18:00:00,0.007289451,-2.190826
2024-11-25T19:00:00,0.0,-0.041592192
2024-11-25T20:00:00,0.0,0.0
2024-11-25T21:00:00,0.0,0.0
2024-11-25T22:00:00,0.0,0.0
2024-11-25T23:00:00,0.0,0.0
2024-11-26T00:00:00,0.0,0.0
2024-11-26T01:00:00,0.0,0.0
2024-11-26T02:00:00,0.0,0.0
2024-11-26T03:00:00,0.0,0.0
2024-11-26T04:00:00,0.0,0.0
2024-11-26T05:00:00,0.0,0.0
2024-11-26T06:00:00,0.0,0.0
2024-11-26T07:00:00,0.22815691,1.6005236
2024-11-26T08:00:00,0.49399477,1.8561194
2024-11-26T09:00:00,0.7881485,2.0467045
2024-11-26T10:00:00,0.97942424,1.3409891
2024-11-26T11:00:00,0.99604243,0.1168178
2024-11-26T12:00:00,0.9975211,0.010460788
2024-11-26T13:00:00,0.9976623,0.0009972347
2024-11-26T14:00:00,0.99767554,9.35279e-05
2024-11-26T15:00:00,0.9976768,8.841155e-06
2024-11-26T16:00:00,0.78509384,-1.232731
2024-11-26T17:00:00,0.37013394,-2.4610991
2024-11-26T18:00:00,0.034294054,-1.9744251
2024-11-26T19:00:00,0.0,-0.1989308
2024-11-26T20:00:00,0.0,0.0
2024-11-26T21:00:00,0.0,0.0
2024-11-26T22:00:00,0.0,0.0
2024-11-26T23:00:00,0.0,0.0
2024-11-27T00:00:00,0.0,0.0
2024-11-27T01:00:00,0.0,0.0
2024-11-27T02:00:00,0.0,0.0
2024-11-27T03:00:00,0.0,0.0
2024-11-27T04:00:00,0.0,0.0
2024-11-27T05:00:00,0.0,0.0
2024-11-27T06:00:00,0.0025910824,0.018738586
2024-11-27T07:00:00,0.21526289,1.4948151
2024-11-27T08:00:00,0.4534966,1.6691011
2024-11-27T09:00:00,0.7322592,1.9432676
2024-11-27T10:00:00,0.8511349,0.8459068
2024-11-27T11:00:00,0.9831606,0.9378096
2024-11-27T12:00:00,0.99636245,0.092840314
2024-11-27T13:00:00,0.99754477,0.00834812
2024-11-27T14:00:00,0.9976554,0.0007812454
2024-11-27T15:00:00,0.99766576,7.3233685e-05
2024-11-27T16:00:00,0.84918785,-0.8548046
2024-11-27T17:00:00,0.4362654,-2.4484613
2024-11-27T18:00:00,0.029925833,-2.4076679
2024-11-27T19:00:00,0.0,-0.17233594
2024-11-27T20:00:00,0.055761307,0.40023926
2024-11-27T21:00:00,0.06487344,0.06583689
2024-11-27T22:00:00,0.036171373,-0.16302705
2024-11-27T23:00:00,0.01673567,-0.110279165
2024-11-28T00:00:00,0.028160566,0.08251976
2024-11-28T01:00:00,0.00036376066,-0.15969661
2024-11-28T02:00:00,5.1007846e-06,-0.0020898567
2024-11-28T03:00:00,0.0,-2.9419938e-05
2024-11-28T04:00:00,0.0,0.0
2024-11-28T05:00:00,0.0,0.0
2024-11-28T06:00:00,0.0,0.0
2024-11-28T07:00:00,0.18711337,1.319506
2024-11-28T08:00:00,0.44825634,1.8243976
2024-11-28T09:00:00,0.7799987,2.2977908
2024-11-28T10:00:00,0.9109576,0.9303779
2024-11-28T11:00:00,0.9733406,0.44735527
2024-11-28T12:00:00,0.9952307,0.15561949
2024-11-28T13:00:00,0.9974052,0.01552205
2024-11-28T14:00:00,0.9976312,0.0016051931
2024-11-28T15:00:00,0.7849244,-1.2334664
2024-11-28T16:00:00,0.6772682,-0.6169462
2024-11-28T17:00:00,0.3041648,-2.2025936
2024-11-28T18:00:00,0.0,-1.783645
2024-11-28T19:00:00,0.0,0.0
2024-11-28T20:00:00,0.0,0.0
2024-11-28T21:00:00,0.0,0.0
2024-11-28T22:00:00,0.0,0.0
2024-11-28T23:00:00,0.0,0.0
2024-11-29T00:00:00,0.0,0.0
2024-11-29T01:00:00,0.0,0.0
2024-11-29T02:00:00,0.0,0.0
2024-11-29T03:00:00,0.0,0.0
2024-11-29T04:00:00,0.0,0.0
2024-11-29T05:00:00,0.0,0.0
2024-11-29T06:00:00,0.0,0.0
2024-11-29T07:00:00,0.10753697,0.7663953
2024-11-29T08:00:00,0.36258343,1.7831532
2024-11-29T09:00:00,0.6887719,2.2608266
2024-11-29T10:00:00,0.94652593,1.801478
2024-11-29T11:00:00,0.99310386,0.32716992
2024-11-29T12:00:00,0.9972213,0.029069537
2024-11-29T13:00:00,0.9976061,0.0027178447
2024-11-29T14:00:00,0.9976421,0.00025506254
2024-11-29T15:00:00,0.9976456,2.4653546e-05
2024-11-29T16:00:00,0.78497803,-1.2332337
2024-11-29T17:00:00,0.39150003,-2.3281333
2024-11-29T18:00:00,0.0062176376,-2.2775686
2024-11-29T19:00:00,0.0,-0.03581408
2024-11-29T20:00:00,0.0,0.0
2024-11-29T21:00:00,0.0,0.0
2024-11-29T22:00:00,0.0,0.0
2024-11-29T23:00:00,0.0,0.0
2024-11-30T00:00:00,0.0,0.0
2024-11-30T01:00:00,0.0,0.0
2024-11-30T02:00:00,0.0,0.0
2024-11-30T03:00:00,0.0,0.0
2024-11-30T04:00:00,0.0017781919,0.012861303
2024-11-30T05:00:00,7.1814684e-05,-0.010070064
2024-11-30T06:00:00,0.0,-0.00041085517
2024-11-30T07:00:00,0.3101028,2.1535046
2024-11-30T08:00:00,0.66613066,2.4588845
2024-11-30T09:00:00,0.97354007,2.1216452
2024-11-30T10:00:00,0.9955323,0.15421435
2024-11-30T11:00:00,0.99743956,0.013463454
2024-11-30T12:00:00,0.9976175,0.0012567373
2024-11-30T13:00:00,0.84789777,-0.86207426
2024-11-30T14:00:00,0.98606026,0.9583199
2024-11-30T15:00:00,0.9965845,0.07407514
2024-11-30T16:00:00,0.8053826,-1.1060798
2024-11-30T17:00:00,0.39350945,-2.441955
2024-11-30T18:00:00,0.13995467,-1.4771059
2024-11-30T19:00:00,0.18766421,0.34283155
2024-11-30T20:00:00,0.33061227,1.0139296
2024-11-30T21:00:00,0.37825853,0.3423799
2024-11-30T22:00:00,0.38147476,0.023257516
2024-11-30T23:00:00,0.3645734,-0.09587188
2024-12-01T00:00:00,0.19037482,-1.0057901
2024-12-01T01:00:00,0.00290988,-1.0991889
2024-12-01T02:00:00,1.1303163e-05,-0.017061897
2024-12-01T03:00:00,0.0,-6.5622284e-05
2024-12-01T04:00:00,0.0,0.0
2024-12-01T05:00:00,0.0,0.0
2024-12-01T06:00:00,0.0,0.0
2024-12-01T07:00:00,0.2955931,2.056359
2024-12-01T08:00:00,0.63941616,2.378035
2024-12-01T09:00:00,0.9714203,2.2925298
2024-12-01T10:00:00,0.9952767,0.16769195
2024-12-01T11:00:00,0.99740326,0.015010139
2024-12-01T12:00:00,0.9976015,0.0013999868
2024-12-01T13:00:00,0.9976201,0.00013121152
2024-12-01T14:00:00,0.99762183,1.2192308e-05
2024-12-01T15:00:00,0.997622,1.1296248e-06
2024-12-01T16:00:00,0.7848903,-1.2336144
2024-12-01T17:00:00,0.37244275,-2.4455163
2024-12-01T18:00:00,0.00016754011,-2.2083168
2024-12-01T19:00:00,0.0,-0.0009911007
2024-12-01T20:00:00,0.01887585,0.13619167
2024-12-01T21:00:00,0.0002527615,-0.10715748
2024-12-01T22:00:00,4.818741e-06,-0.0014543928
2024-12-01T23:00:00,0.0,-2.757094e-05
2024-12-02T00:00:00,0.0,0.0
2024-12-02T01:00:00,0.0,0.0
2024-12-02T02:00:00,0.0,0.0
2024-12-02T03:00:00,0.0,0.0
2024-12-02T04:00:00,0.019709432,0.14218917
2024-12-02T05:00:00,0.00042564317,-0.111902975
2024-12-02T06:00:00,0.0,-0.002413782
2024-12-02T07:00:00,0.23296541,1.6332685
2024-12-02T08:00:00,0.58926,2.4606493
2024-12-02T09:00:00,0.9450172,2.4570942
2024-12-02T10:00:00,0.9934255,0.33660582
2024-12-02T11:00:00,0.9972233,0.026791198
2024-12-02T12:00:00,0.99757516,0.0024849565
2024-12-02T13:00:00,0.9976082,0.00023312819
2024-12-02T14:00:00,0.9976113,2.1792783e-05
2024-12-02T15:00:00,0.8329227,-0.9498635
2024-12-02T16:00:00,0.4701226,-2.13932
2024-12-02T17:00:00,0.2264238,-1.4181261
2024-12-02T18:00:00,0.002003432,-1.3175998
2024-12-02T19:00:00,0.12138391,0.84944093
2024-12-02T20:00:00,0.02925676,-0.52703136
2024-12-02T21:00:00,0.00021225172,-0.167369
2024-12-02T22:00:00,0.0,-0.0012161022
2024-12-02T23:00:00,0.0,0.0
2024-12-03T00:00:00,0.036485214,0.2625895
2024-12-03T01:00:00,0.00080451,-0.20764254
2024-12-03T02:00:00,0.0,-0.004638214
2024-12-03T03:00:00,0.0,0.0
2024-12-03T04:00:00,0.0,0.0
2024-12-03T05:00:00,0.0,0.0
2024-12-03T06:00:00,0.0,0.0
2024-12-03T07:00:00,0.13981344,0.9921098
2024-12-03T08:00:00,0.42658103,1.9971116
2024-12-03T09:00:00,0.7372341,2.1571827
2024-12-03T10:00:00,0.9757721,1.6663507
2024-12-03T11:00:00,0.9956811,0.13969938
2024-12-03T12:00:00,0.9974208,0.012280926
2024-12-03T13:00:00,0.9975823,0.0011469079
2024-12-03T14:00:00,0.98622113,-0.06440518
2024-12-03T15:00:00,0.9965325,0.07282436
2024-12-03T16:00:00,0.7808423,-1.2511871
2024-12-03T17:00:00,0.3653835,-2.4641945
2024-12-03T18:00:00,0.0,-2.1629388
2024-12-03T19:00:00,0.0,0.0
2024-12-03T20:00:00,0.0,0.0
2024-12-03T21:00:00,0.0,0.0
2024-12-03T22:00:00,0.0,0.0
2024-12-03T23:00:00,0.0,0.0
2024-12-04T00:00:00,0.0,0.0
2024-12-04T01:00:00,0.0,0.0
2024-12-04T02:00:00,0.0,0.0
2024-12-04T03:00:00,0.0,0.0
2024-12-04T04:00:00,0.0,0.0
2024-12-04T05:00:00,0.0,0.0
2024-12-04T06:00:00,0.0027530992,0.019909821
2024-12-04T07:00:00,0.31066298,2.1388433
2024-12-04T08:00:00,0.63742924,2.264674
2024-12-04T09:00:00,0.94990283,2.169347
2024-12-04T10:00:00,0.99369967,0.3051986
2024-12-04T11:00:00,0.99722874,0.024897333
2024-12-04T12:00:00,0.7834289,-1.2399575
2024-12-04T13:00:00,0.8140857,0.22082323
2024-12-04T14:00:00,0.4396973,-2.2104948
2024-12-04T15:00:00,0.4421976,0.018082244
2024-12-04T16:00:00,0.059349973,-2.262564
2024-12-04T17:00:00,0.00019445622,-0.3507482
2024-12-04T18:00:00,0.0,-0.0011422
2024-12-04T19:00:00,0.0,0.0
2024-12-04T20:00:00,0.0,0.0
2024-12-04T21:00:00,0.0,0.0
2024-12-04T22:00:00,0.0,0.0
2024-12-04T23:00:00,0.0,0.0
2024-12-05T00:00:00,0.0,0.0
2024-12-05T01:00:00,0.0,0.0
2024-12-05T02:00:00,0.0,0.0
2024-12-05T03:00:00,0.0,0.0
2024-12-05T04:00:00,0.0,0.0
2024-12-05T05:00:00,0.0,0.0
2024-12-05T06:00:00,0.0,0.0
2024-12-05T07:00:00,0.0,0.0
2024-12-05T08:00:00,0.0,0.0
2024-12-05T09:00:00,0.20495436,1.4419847
2024-12-05T10:00:00,0.20850243,0.025655936
2024-12-05T11:00:00,0.36836582,1.1313721
2024-12-05T12:00:00,0.26354557,-0.6005025
2024-12-05T13:00:00,0.19316046,-0.40166703
2024-12-05T14:00:00,0.10482304,-0.5051358
2024-12-05T15:00:00,0.0013381155,-0.59940475
2024-12-05T16:00:00,0.0,-0.0076372125
2024-12-05T17:00:00,0.057628542,0.4135341
2024-12-05T18:00:00,0.00095243606,-0.32894543
2024-12-05T19:00:00,0.0,-0.005527045
2024-12-05T20:00:00,0.0,0.0
2024-12-05T21:00:00,0.0,0.0
2024-12-05T22:00:00,0.0,0.0
2024-12-05T23:00:00,0.05657883,0.40606093
2024-12-06T00:00:00,0.0005786109,-0.3229064
2024-12-06T01:00:00,2.0504683e-06,-0.003336365
2024-12-06T02:00:00,1.4532665e-08,-1.1865383e-05
2024-12-06T03:00:00,2.5575303e-10,-8.469602e-08
2024-12-06T04:00:00,0.0,-1.5091998e-09
2024-12-06T05:00:00,0.0,0.0
2024-12-06T06:00:00,0.16268641,1.1509225
2024-12-06T07:00:00,0.5028595,2.3538136
2024-12-06T08:00:00,0.8610036,2.4728813
2024-12-06T09:00:00,0.9872101,0.8740596
2024-12-06T10:00:00,0.99663115,0.06633351
2024-12-06T11:00:00,0.78120875,-1.2495961
2024-12-06T12:00:00,0.40166157,-2.2422373
2024-12-06T13:00:00,0.0011346862,-2.3728817
2024-12-06T14:00:00,0.0,-0.006631568
2024-12-06T15:00:00,0.0,0.0
2024-12-06T16:00:00,0.0,0.0
2024-12-06T17:00:00,0.0,0.0
2024-12-06T18:00:00,0.0,0.0
2024-12-06T19:00:00,0.0,0.0
2024-12-06T20:00:00,0.0,0.0
2024-12-06T21:00:00,0.025606908,0.18458045
2024-12-06T22:00:00,0.034419484,0.06367528
2024-12-06T23:00:00,0.0009948337,-0.19511753
2024-12-07T00:00:00,1.1918759e-05,-0.0058073755
2024-12-07T01:00:00,0.0,-6.895812e-05
2024-12-07T02:00:00,0.0,0.0
2024-12-07T03:00:00,0.0,0.0
2024-12-07T04:00:00,0.0,0.0
2024-12-07T05:00:00,0.0,0.0
2024-12-07T06:00:00,0.0,0.0
2024-12-07T07:00:00,0.2257453,1.5840869
2024-12-07T08:00:00,0.5721427,2.395107
2024-12-07T09:00:00,0.4373338,-0.7749167
2024-12-07T10:00:00,0.6551743,1.5301431
2024-12-07T11:00:00,0.3565288,-1.7485205
2024-12-07T12:00:00,0.03959996,-1.8593372
2024-12-07T13:00:00,0.0,-0.229297
2024-12-07T14:00:00,0.0,0.0
2024-12-07T15:00:00,0.0,0.0
2024-12-07T16:00:00,0.10713414,0.763566
2024-12-07T17:00:00,0.23901099,0.9367845
2024-12-07T18:00:00,0.21237764,-0.15124157
2024-12-07T19:00:00,0.028011678,-1.0657142
2024-12-07T20:00:00,0.1662477,0.9811228
2024-12-07T21:00:00,0.14141305,-0.14099877
2024-12-07T22:00:00,0.002046626,-0.80287284
2024-12-07T23:00:00,0.09983702,0.6978572
2024-12-08T00:00:00,0.0014223012,-0.57303506
2024-12-08T01:00:00,0.0,-0.008079945
2024-12-08T02:00:00,0.0,0.0
2024-12-08T03:00:00,0.0,0.0
2024-12-08T04:00:00,0.0,0.0
2024-12-08T05:00:00,0.0,0.0
2024-12-08T06:00:00,0.0,0.0
2024-12-08T07:00:00,0.0,0.0
2024-12-08T08:00:00,0.10488959,0.74779636
2024-12-08T09:00:00,0.40122473,2.061335
2024-12-08T10:00:00,0.0870355,-1.842704
2024-12-08T11:00:00,0.3042389,1.5257908
2024-12-08T12:00:00,0.0038159816,-1.77397
2024-12-08T13:00:00,0.22528061,1.5548875
2024-12-08T14:00:00,0.042369086,-1.0571339
2024-12-08T15:00:00,0.08489993,0.30584055
2024-12-08T16:00:00,0.0009334628,-0.48358884
2024-12-08T17:00:00,1.9633135e-05,-0.0053761005
2024-12-08T18:00:00,0.0,-0.00011248344
2024-12-08T19:00:00,0.0,0.0
2024-12-08T20:00:00,0.046916544,0.33717066
2024-12-08T21:00:00,0.0008576945,-0.2674005
2024-12-08T22:00:00,0.060066633,0.42478132
2024-12-08T23:00:00,0.00088454154,-0.3429376
2024-12-09T00:00:00,8.8222447e-07,-0.00512558
2024-12-09T01:00:00,2.5123004e-09,-5.1172574e-06
2024-12-09T02:00:00,0.0,-1.4380372e-08
2024-12-09T03:00:00,0.0,0.0
2024-12-09T04:00:00,0.0,0.0
2024-12-09T05:00:00,0.0,0.0
2024-12-09T06:00:00,0.0,0.0
2024-12-09T07:00:00,0.0,0.0
2024-12-09T08:00:00,0.0,0.0
2024-12-09T09:00:00,0.0,0.0
2024-12-09T10:00:00,0.0,0.0
2024-12-09T11:00:00,0.0,0.0
2024-12-09T12:00:00,0.0,0.0
2024-12-09T13:00:00,0.120395444,0.8565457
2024-12-09T14:00:00,0.0885477,-0.18095851
2024-12-09T15:00:00,0.16426943,0.5420071
2024-12-09T16:00:00,0.0020124647,-0.9400095
2024-12-09T17:00:00,0.0,-0.011569985
2024-12-09T18:00:00,0.0,0.0
2024-12-09T19:00:00,0.06044525,0.43357638
2024-12-09T20:00:00,0.001035551,-0.34515858
2024-12-09T21:00:00,6.6380385e-06,-0.006016346
2024-12-09T22:00:00,1.8995422e-08,-3.8814498e-05
2024-12-09T23:00:00,0.0,-1.0993592e-07
2024-12-10T00:00:00,0.03711367,0.26708898
2024-12-10T01:00:00,0.00048733217,-0.21123788
2024-12-10T02:00:00,0.0,-0.0027826938
2024-12-10T03:00:00,0.0,0.0
2024-12-10T04:00:00,0.0,0.0
2024-12-10T05:00:00,0.0,0.0
2024-12-10T06:00:00,0.0,0.0
2024-12-10T07:00:00,0.0,0.0
2024-12-10T08:00:00,0.04510899,0.32426265
2024-12-10T09:00:00,0.2643195,1.5394998
2024-12-10T10:00:00,0.34279186,0.5614828
2024-12-10T11:00:00,0.38420597,0.2978569
2024-12-10T12:00:00,0.33430982,-0.28408626
2024-12-10T13:00:00,0.1355259,-1.1509233
2024-12-10T14:00:00,0.20140293,0.47218245
2024-12-10T15:00:00,0.0028653992,-1.1509328
2024-12-10T16:00:00,0.0,-0.016546177
2024-12-10T17:00:00,0.0,0.0
2024-12-10T18:00:00,0.0,0.0
2024-12-10T19:00:00,0.0,0.0
2024-12-10T20:00:00,0.0,0.0
2024-12-10T21:00:00,0.0,0.0
2024-12-10T22:00:00,0.0,0.0
2024-12-10T23:00:00,0.0,0.0
2024-12-11T00:00:00,0.0,0.0
2024-12-11T01:00:00,0.0,0.0
2024-12-11T02:00:00,0.0,0.0
2024-12-11T03:00:00,0.0,0.0
2024-12-11T04:00:00,0.0,0.0
2024-12-11T05:00:00,0.0,0.0
2024-12-11T06:00:00,0.0,0.0
2024-12-11T07:00:00,0.0,0.0
2024-12-11T08:00:00,0.073657416,0.52738124
2024-12-11T09:00:00,0.13128403,0.4135204
2024-12-11T10:00:00,0.0010222411,-0.74937296
2024-12-11T11:00:00,2.9924944e-05,-0.0058807717
2024-12-11T12:00:00,0.0,-0.00017732145
2024-12-11T13:00:00,0.0,0.0
2024-12-11T14:00:00,0.0,0.0
2024-12-11T15:00:00,0.0,0.0
2024-12-11T16:00:00,0.0,0.0
2024-12-11T17:00:00,0.0,0.0
2024-12-11T18:00:00,0.0,0.0
2024-12-11T19:00:00,0.0,0.0
2024-12-11T20:00:00,0.0,0.0
2024-12-11T21:00:00,0.0,0.0
2024-12-11T22:00:00,0.0,0.0
2024-12-11T23:00:00,0.0,0.0
2024-12-12T00:00:00,0.0,0.0
2024-12-12T01:00:00,0.0,0.0
2024-12-12T02:00:00,0.0,0.0
2024-12-12T03:00:00,0.0,0.0
2024-12-12T04:00:00,0.0,0.0
2024-12-12T05:00:00,0.0,0.0
2024-12-12T06:00:00,0.0,0.0
2024-12-12T07:00:00,0.0,0.0
2024-12-12T08:00:00,0.031459995,0.22658296
2024-12-12T09:00:00,0.06066626,0.21041809
2024-12-12T10:00:00,0.0019594613,-0.3449055
2024-12-12T11:00:00,7.81321e-06,-0.011511937
2024-12-12T12:00:00,4.6897654e-08,-4.608678e-05
2024-12-12T13:00:00,0.0,-2.7772066e-07
2024-12-12T14:00:00,0.0,0.0
2024-12-12T15:00:00,0.0,0.0
2024-12-12T16:00:00,0.0,0.0
2024-12-12T17:00:00,0.0,0.0
2024-12-12T18:00:00,0.0,0.0
2024-12-12T19:00:00,0.0,0.0
2024-12-12T20:00:00,0.0,0.0
2024-12-12T21:00:00,0.0,0.0
2024-12-12T22:00:00,0.0,0.0
2024-12-12T23:00:00,0.0,0.0
2024-12-13T00:00:00,0.0,0.0
2024-12-13T01:00:00,0.0,0.0
2024-12-13T02:00:00,0.0790362,0.5654733
2024-12-13T03:00:00,0.00025151047,-0.45248052
2024-12-13T04:00:00,0.038763843,0.27709988
2024-12-13T05:00:00,0.17163786,0.9437419
2024-12-13T06:00:00,0.43149483,1.8157024
2024-12-13T07:00:00,0.744268,2.1713483
2024-12-13T08:00:00,0.9770876,1.6208938
2024-12-13T09:00:00,0.99572676,0.13084021
2024-12-13T10:00:00,0.9973628,0.011549007
2024-12-13T11:00:00,0.9975155,0.0010783679
2024-12-13T12:00:00,0.9975298,0.00010103703
2024-12-13T13:00:00,0.7845476,-1.2351017
2024-12-13T14:00:00,0.97943354,1.3630892
2024-12-13T15:00:00,0.9955617,0.11581258
2024-12-13T16:00:00,0.7772371,-1.2668449
2024-12-13T17:00:00,0.4695812,-1.803078
2024-12-13T18:00:00,0.10187779,-2.1694138
2024-12-13T19:00:00,0.0,-0.5897772
2024-12-13T20:00:00,0.0,0.0
2024-12-13T21:00:00,0.0,0.0
2024-12-13T22:00:00,0.0577408,0.4143332
2024-12-13T23:00:00,0.047908675,-0.055727664
2024-12-14T00:00:00,0.0015660179,-0.27154237
2024-12-14T01:00:00,0.0,-0.008876085
2024-12-14T02:00:00,0.0,0.0
2024-12-14T03:00:00,0.0,0.0
2024-12-14T04:00:00,0.0,0.0
2024-12-14T05:00:00,0.0,0.0
2024-12-14T06:00:00,0.0,0.0
2024-12-14T07:00:00,0.23872793,1.6724601
2024-12-14T08:00:00,0.5673075,2.2767463
2024-12-14T09:00:00,0.91592777,2.4098403
2024-12-14T10:00:00,0.9697975,0.38676402
2024-12-14T11:00:00,0.99479806,0.17741589
2024-12-14T12:00:00,0.997231,0.017411338
2024-12-14T13:00:00,0.93932927,-0.32996374
2024-12-14T14:00:00,0.99178827,0.3724099
2024-12-14T15:00:00,0.7827577,-1.2116469
2024-12-14T16:00:00,0.38822982,-2.3346174
2024-12-14T17:00:00,0.1750246,-1.2364261
2024-12-14T18:00:00,0.0,-1.0122411
2024-12-14T19:00:00,0.044914726,0.32287502
2024-12-14T20:00:00,0.19059016,1.0329002
2024-12-14T21:00:00,0.157072,-0.19048566
2024-12-14T22:00:00,0.042004306,-0.65997005
2024-12-14T23:00:00,0.03908716,-0.016521255
2024-12-15T00:00:00,0.0009273653,-0.2213703
2024-12-15T01:00:00,0.0,-0.005360278
2024-12-15T02:00:00,0.0,0.0
2024-12-15T03:00:00,0.0,0.0
2024-12-15T04:00:00,0.0,0.0
2024-12-15T05:00:00,0.0,0.0
2024-12-15T06:00:00,0.0,0.0
2024-12-15T07:00:00,0.19349888,1.3634051
2024-12-15T08:00:00,0.51594126,2.235868
2024-12-15T09:00:00,0.84485817,2.2789912
2024-12-15T10:00:00,0.98483986,0.97695225
2024-12-15T11:00:00,0.9963614,0.081064574
2024-12-15T12:00:00,0.99739903,0.007326449
2024-12-15T13:00:00,0.99749553,0.0006854058
2024-12-15T14:00:00,0.9975051,6.780285e-05
2024-12-15T15:00:00,0.78445596,-1.2354996
2024-12-15T16:00:00,0.41894877,-2.1559308
2024-12-15T17:00:00,0.08330725,-1.9732153
2024-12-15T18:00:00,0.0,-0.48926297
2024-12-15T19:00:00,0.0,0.0
2024-12-15T20:00:00,0.0,0.0
2024-12-15T21:00:00,0.0,0.0
2024-12-15T22:00:00,0.0,0.0
2024-12-15T23:00:00,0.0,0.0
2024-12-16T00:00:00,0.0,0.0
2024-12-16T01:00:00,0.0,0.0
2024-12-16T02:00:00,0.0,0.0
2024-12-16T03:00:00,0.0,0.0
2024-12-16T04:00:00,0.0,0.0
2024-12-16T05:00:00,0.0,0.0
2024-12-16T06:00:00,0.0,0.0
2024-12-16T07:00:00,0.0,0.0
2024-12-16T08:00:00,0.0,0.0
2024-12-16T09:00:00,0.0,0.0
2024-12-16T10:00:00,0.0,0.0
2024-12-16T11:00:00,0.0,0.0
2024-12-16T12:00:00,0.0,0.0
2024-12-16T13:00:00,0.0,0.0
2024-12-16T14:00:00,0.0,0.0
2024-12-16T15:00:00,0.0,0.0
2024-12-16T16:00:00,0.0,0.0
2024-12-16T17:00:00,0.0,0.0
2024-12-16T18:00:00,0.0,0.0
2024-12-16T19:00:00,0.0,0.0
2024-12-16T20:00:00,0.0,0.0
2024-12-16T21:00:00,0.0,0.0
2024-12-16T22:00:00,0.0,0.0
2024-12-16T23:00:00,0.0,0.0
2024-12-17T00:00:00,0.002572102,0.018601373
2024-12-17T01:00:00,9.92282e-05,-0.014567712
2024-12-17T02:00:00,4.3136023e-07,-0.0005845538
2024-12-17T03:00:00,0.0,-2.5417598e-06
2024-12-17T04:00:00,0.0,0.0
2024-12-17T05:00:00,0.0,0.0
2024-12-17T06:00:00,0.0,0.0
2024-12-17T07:00:00,0.0,0.0
2024-12-17T08:00:00,0.050026808,0.35936636
2024-12-17T09:00:00,0.24098586,1.3459527
2024-12-17T10:00:00,0.28107753,0.28839934
2024-12-17T11:00:00,0.29499528,0.10048938
2024-12-17T12:00:00,0.30832273,0.09623545
2024-12-17T13:00:00,0.052630372,-1.4899123
2024-12-17T14:00:00,0.0,-0.30546612
2024-12-17T15:00:00,0.0,0.0
2024-12-17T16:00:00,0.0,0.0
2024-12-17T17:00:00,0.0,0.0
2024-12-17T18:00:00,0.0,0.0
2024-12-17T19:00:00,0.0,0.0
2024-12-17T20:00:00,0.0,0.0
2024-12-17T21:00:00,0.0,0.0
2024-12-17T22:00:00,0.0,0.0
2024-12-17T23:00:00,0.0,0.0
2024-12-18T00:00:00,0.0,0.0
2024-12-18T01:00:00,0.0,0.0
2024-12-18T02:00:00,0.0,0.0
2024-12-18T03:00:00,0.0,0.0
2024-12-18T04:00:00,0.0,0.0
2024-12-18T05:00:00,0.0,0.0
2024-12-18T06:00:00,0.0,0.0
2024-12-18T07:00:00,0.0,0.0
2024-12-18T08:00:00,0.0,0.0
2024-12-18T09:00:00,0.0,0.0
2024-12-18T10:00:00,0.0,0.0
2024-12-18T11:00:00,0.0,0.0
2024-12-18T12:00:00,0.036261108,0.26098487
2024-12-18T13:00:00,0.0009850848,-0.2063606
2024-12-18T14:00:00,0.15705909,1.1051067
2024-12-18T15:00:00,0.0029452664,-0.9085511
2024-12-18T16:00:00,0.03053095,0.19878814
2024-12-18T17:00:00,0.0011624811,-0.17353758
2024-12-18T18:00:00,0.0,-0.006778248
2024-12-18T19:00:00,0.0,0.0
2024-12-18T20:00:00,0.0,0.0
2024-12-18T21:00:00,0.0,0.0
2024-12-18T22:00:00,0.0,0.0
2024-12-18T23:00:00,0.0,0.0
2024-12-19T00:00:00,0.0,0.0
2024-12-19T01:00:00,0.0,0.0
2024-12-19T02:00:00,0.0,0.0
2024-12-19T03:00:00,0.0,0.0
2024-12-19T04:00:00,0.0,0.0
2024-12-19T05:00:00,0.0,0.0
2024-12-19T06:00:00,0.0,0.0
2024-12-19T07:00:00,0.0,0.0
2024-12-19T08:00:00,0.0136462925,0.098533176
2024-12-19T09:00:00,0.1006207,0.6215899
2024-12-19T10:00:00,0.10769841,0.05115272
2024-12-19T11:00:00,0.003565843,-0.61037016
2024-12-19T12:00:00,3.9250583e-05,-0.02090109
2024-12-19T13:00:00,3.2618438e-08,-0.00023262681
2024-12-19T14:00:00,0.0,-1.9279831e-07
2024-12-19T15:00:00,0.0,0.0
2024-12-19T16:00:00,0.0,0.0
2024-12-19T17:00:00,0.0,0.0
2024-12-19T18:00:00,0.0,0.0
2024-12-19T19:00:00,0.0,0.0
2024-12-19T20:00:00,0.0,0.0
2024-12-19T21:00:00,0.0,0.0
2024-12-19T22:00:00,0.03132351,0.22560433
2024-12-19T23:00:00,0.020608598,-0.060737267
2024-12-20T00:00:00,0.033997778,0.09668024
2024-12-20T01:00:00,0.0014549936,-0.19285315
2024-12-20T02:00:00,6.920699e-07,-0.008622498
2024-12-20T03:00:00,3.2332204e-10,-4.103256e-06
2024-12-20T04:00:00,0.0,-1.9052946e-09
2024-12-20T05:00:00,0.0,0.0
2024-12-20T06:00:00,0.0,0.0
2024-12-20T07:00:00,0.15691917,1.110967
2024-12-20T08:00:00,0.3594302,1.4252433
2024-12-20T09:00:00,0.6508307,2.0282283
2024-12-20T10:00:00,0.76250565,0.79544
2024-12-20T11:00:00,0.9771794,1.5039024
2024-12-20T12:00:00,0.9956959,0.1299828
2024-12-20T13:00:00,0.99732167,0.011476672
2024-12-20T14:00:00,0.9974734,0.0010716467
2024-12-20T15:00:00,0.99748737,0.00010041937
2024-12-20T16:00:00,0.8603397,-0.7885681
2024-12-20T17:00:00,0.47674695,-2.2671552
2024-12-20T18:00:00,0.061030578,-2.4657927
2024-12-20T19:00:00,0.0,-0.3488441
2024-12-20T20:00:00,0.0,0.0
2024-12-20T21:00:00,0.0,0.0
2024-12-20T22:00:00,0.0,0.0
2024-12-20T23:00:00,0.0,0.0
2024-12-21T00:00:00,0.0,0.0
2024-12-21T01:00:00,0.0,0.0
2024-12-21T02:00:00,0.0,0.0
2024-12-21T03:00:00,0.0,0.0
2024-12-21T04:00:00,0.0,0.0
2024-12-21T05:00:00,0.0,0.0
2024-12-21T06:00:00,0.0,0.0
2024-12-21T07:00:00,0.17664641,1.2473954
2024-12-21T08:00:00,0.5331418,2.4619772
2024-12-21T09:00:00,0.8456749,2.1697443
2024-12-21T10:00:00,0.98337924,0.9715522
2024-12-21T11:00:00,0.9440715,-0.22353393
2024-12-21T12:00:00,0.68818223,-1.4910921
2024-12-21T13:00:00,0.60443896,-0.47861767
2024-12-21T14:00:00,0.60575986,0.009554238
2024-12-21T15:00:00,0.5465311,-0.33757666
2024-12-21T16:00:00,0.30261704,-1.419413
2024-12-21T17:00:00,0.0038722134,-1.7610244
2024-12-21T18:00:00,0.03417675,0.2182967
2024-12-21T19:00:00,0.0061277323,-0.159306
2024-12-21T20:00:00,0.00013434718,-0.03480281
2024-12-21T21:00:00,0.0,-0.00076499634
2024-12-21T22:00:00,0.0,0.0
2024-12-21T23:00:00,0.0,0.0
2024-12-22T00:00:00,0.0,0.0
2024-12-22T01:00:00,0.0,0.0
2024-12-22T02:00:00,0.0,0.0
2024-12-22T03:00:00,0.0,0.0
2024-12-22T04:00:00,0.0,0.0
2024-12-22T05:00:00,0.0,0.0
2024-12-22T06:00:00,0.0,0.0
2024-12-22T07:00:00,0.12326126,0.8765963
2024-12-22T08:00:00,0.45909658,2.3250022
2024-12-22T09:00:00,0.77829933,2.2142668
2024-12-22T10:00:00,0.8905454,0.79944634
2024-12-22T11:00:00,0.98734075,0.6843139
2024-12-22T12:00:00,0.9963775,0.06482041
2024-12-22T13:00:00,0.9973617,0.0069846977
2024-12-22T14:00:00,0.9974588,0.0006858347
2024-12-22T15:00:00,0.7842838,-1.2362466
2024-12-22T16:00:00,0.45846045,-1.9134079
2024-12-22T17:00:00,0.1871142,-1.5838784
2024-12-22T18:00:00,0.0004903448,-1.0922065
2024-12-22T19:00:00,0.0,-0.0028690172
2024-12-22T20:00:00,0.0,0.0
2024-12-22T21:00:00,0.0,0.0
2024-12-22T22:00:00,0.0,0.0
2024-12-22T23:00:00,0.0,0.0
2024-12-23T00:00:00,0.019855367,0.14323902
2024-12-23T01:00:00,7.994831e-05,-0.11273388
2024-12-23T02:00:00,1.6481279e-07,-0.00045576194
2024-12-23T03:00:00,2.237773e-09,-9.414904e-07
2024-12-23T04:00:00,0.0,-1.2682663e-08
2024-12-23T05:00:00,0.0,0.0
2024-12-23T06:00:00,0.0,0.0
2024-12-23T07:00:00,0.0,0.0
2024-12-23T08:00:00,0.0,0.0
2024-12-23T09:00:00,0.0,0.0
2024-12-23T10:00:00,0.0,0.0
2024-12-23T11:00:00,0.0,0.0
2024-12-23T12:00:00,0.0,0.0
2024-12-23T13:00:00,0.0,0.0
2024-12-23T14:00:00,0.16163172,1.14362
2024-12-23T15:00:00,0.32129467,1.1299832
2024-12-23T16:00:00,0.2948324,-0.15026705
2024-12-23T17:00:00,0.36683953,0.5156827
2024-12-23T18:00:00,0.4102153,0.31187934
2024-12-23T19:00:00,0.3279683,-0.4699867
2024-12-23T20:00:00,0.100229464,-1.3228729
2024-12-23T21:00:00,0.0,-0.5767438
2024-12-23T22:00:00,0.0,0.0
2024-12-23T23:00:00,0.0,0.0
2024-12-24T00:00:00,0.0,0.0
2024-12-24T01:00:00,0.0,0.0
2024-12-24T02:00:00,0.0,0.0
2024-12-24T03:00:00,0.0,0.0
2024-12-24T04:00:00,0.0,0.0
2024-12-24T05:00:00,0.0,0.0
2024-12-24T06:00:00,0.0,0.0
2024-12-24T07:00:00,0.0,0.0
2024-12-24T08:00:00,0.0,0.0
2024-12-24T09:00:00,0.0,0.0
2024-12-24T10:00:00,0.14615288,1.0362197
2024-12-24T11:00:00,0.23017399,0.60072654
2024-12-24T12:00:00,0.26692134,0.26446643
2024-12-24T13:00:00,0.3732052,0.7575933
2024-12-24T14:00:00,0.49696493,0.88008225
2024-12-24T15:00:00,0.6172193,0.8555584
2024-12-24T16:00:00,0.47597367,-0.8125055
2024-12-24T17:00:00,0.4315867,-0.25256264
2024-12-24T18:00:00,0.17486323,-1.496092
2024-12-24T19:00:00,0.0,-1.0179368
2024-12-24T20:00:00,0.0,0.0
2024-12-24T21:00:00,0.0,0.0
2024-12-24T22:00:00,0.0,0.0
2024-12-24T23:00:00,0.0,0.0
2024-12-25T00:00:00,0.0,0.0
2024-12-25T01:00:00,0.0,0.0
2024-12-25T02:00:00,0.0,0.0
2024-12-25T03:00:00,0.0,0.0
2024-12-25T04:00:00,0.0,0.0
2024-12-25T05:00:00,0.0,0.0
2024-12-25T06:00:00,0.0,0.0
2024-12-25T07:00:00,0.24199565,1.6946603
2024-12-25T08:00:00,0.5816662,2.350477
2024-12-25T09:00:00,0.9397186,2.4722753
2024-12-25T10:00:00,0.99293554,0.36947045
2024-12-25T11:00:00,0.99703014,0.02888022
2024-12-25T12:00:00,0.99740887,0.0026746306
2024-12-25T13:00:00,0.9974444,0.00025075857
2024-12-25T14:00:00,0.9974477,2.3401375e-05
2024-12-25T15:00:00,0.997448,2.0389523e-06
2024-12-25T16:00:00,0.78424376,-1.2364206
2024-12-25T17:00:00,0.4828115,-1.7653824
2024-12-25T18:00:00,0.092592426,-2.308016
2024-12-25T19:00:00,0.0,-0.54088014
2024-12-25T20:00:00,0.0,0.0
2024-12-25T21:00:00,0.0,0.0
2024-12-25T22:00:00,0.0,0.0
2024-12-25T23:00:00,0.0,0.0
2024-12-26T00:00:00,0.0,0.0
2024-12-26T01:00:00,0.0,0.0
2024-12-26T02:00:00,0.0,0.0
2024-12-26T03:00:00,0.0,0.0
2024-12-26T04:00:00,0.0,0.0
2024-12-26T05:00:00,0.0,0.0
2024-12-26T06:00:00,0.1108697,0.7897903
2024-12-26T07:00:00,0.041879173,-0.39364666
2024-12-26T08:00:00,0.32291344,1.9585576
2024-12-26T09:00:00,0.65921503,2.3281004
2024-12-26T10:00:00,0.938393,1.9460638
2024-12-26T11:00:00,0.9927979,0.37788582
2024-12-26T12:00:00,0.997006,0.029692475
2024-12-26T13:00:00,0.997396,0.0027605637
2024-12-26T14:00:00,0.9974331,0.0002645934
2024-12-26T15:00:00,0.87209934,-0.71968263
2024-12-26T16:00:00,0.64578485,-1.3143885
2024-12-26T17:00:00,0.29410762,-2.0711727
2024-12-26T18:00:00,0.0012376207,-1.7321213
2024-12-26T19:00:00,0.0,-0.0071308604
2024-12-26T20:00:00,0.0,0.0
2024-12-26T21:00:00,0.0,0.0
2024-12-26T22:00:00,0.028963942,0.20867942
2024-12-26T23:00:00,0.0005709761,-0.16466287
2024-12-27T00:00:00,0.0,-0.0032798639
2024-12-27T01:00:00,0.0,0.0
2024-12-27T02:00:00,0.0,0.0
2024-12-27T03:00:00,0.0,0.0
2024-12-27T04:00:00,0.0,0.0
2024-12-27T05:00:00,0.0,0.0
2024-12-27T06:00:00,0.04869168,0.34984085
2024-12-27T07:00:00,0.40441304,2.456857
2024-12-27T08:00:00,0.748705,2.3811457
2024-12-27T09:00:00,0.9791414,1.5918295
2024-12-27T10:00:00,0.9958028,0.11702872
2024-12-27T11:00:00,0.99727535,0.0103951385
2024-12-27T12:00:00,0.9974128,0.0009708768
2024-12-27T13:00:00,0.99742573,9.1202724e-05
2024-12-27T14:00:00,0.9974269,8.423335e-06
2024-12-27T15:00:00,0.99742705,7.9389883e-07
2024-12-27T16:00:00,0.7841658,-1.2367591
2024-12-27T17:00:00,0.36306703,-2.4992106
2024-12-27T18:00:00,0.010131894,-2.0788713
2024-12-27T19:00:00,0.0,-0.058249276
2024-12-27T20:00:00,0.0,0.0
2024-12-27T21:00:00,0.028314892,0.2040219
2024-12-27T22:00:00,0.000174902,-0.16095816
2024-12-27T23:00:00,4.952089e-06,-0.0010004233
2024-12-28T00:00:00,0.0,-2.884084e-05
2024-12-28T01:00:00,0.0,0.0
2024-12-28T02:00:00,0.0,0.0
2024-12-28T03:00:00,0.0,0.0
2024-12-28T04:00:00,0.0,0.0
2024-12-28T05:00:00,0.025906362,0.18673106
2024-12-28T06:00:00,0.071151555,0.32523555
2024-12-28T07:00:00,0.3671227,2.0588944
2024-12-28T08:00:00,0.70816684,2.359596
2024-12-28T09:00:00,0.9752755,1.8512094
2024-12-28T10:00:00,0.99547327,0.14170454
2024-12-28T11:00:00,0.99723536,0.012438245
2024-12-28T12:00:00,0.9973997,0.0011607929
2024-12-28T13:00:00,0.9974151,0.00010907498
2024-12-28T14:00:00,0.9255261,-0.41031897
2024-12-28T15:00:00,0.5506359,-2.2135806
2024-12-28T16:00:00,0.27543604,-1.6070598
2024-12-28T17:00:00,0.08538168,-1.0992997
2024-12-28T18:00:00,0.15329616,0.48664868
2024-12-28T19:00:00,0.00895485,-0.8306025
2024-12-28T20:00:00,0.0819905,0.5229744
2024-12-28T21:00:00,0.00049646874,-0.46900558
2024-12-28T22:00:00,0.0,-0.0028431092
2024-12-28T23:00:00,0.0,0.0
2024-12-29T00:00:00,0.0,0.0
2024-12-29T01:00:00,0.0,0.0
2024-12-29T02:00:00,0.0,0.0
2024-12-29T03:00:00,0.0,0.0
2024-12-29T04:00:00,0.0,0.0
2024-12-29T05:00:00,0.0,0.0
2024-12-29T06:00:00,0.0,0.0
2024-12-29T07:00:00,0.11815277,0.8408444
2024-12-29T08:00:00,0.40589762,2.003678
2024-12-29T09:00:00,0.69018877,1.980465
2024-12-29T10:00:00,0.7922606,0.72798616
2024-12-29T11:00:00,0.97892547,1.3129332
2024-12-29T12:00:00,0.99576485,0.11827136
2024-12-29T13:00:00,0.9972215,0.010498703
2024-12-29T14:00:00,0.9547278,-0.24173824
2024-12-29T15:00:00,0.62692547,-1.9254527
2024-12-29T16:00:00,0.23981866,-2.288817
2024-12-29T17:00:00,0.0,-1.4060842
2024-12-29T18:00:00,0.0,0.0
2024-12-29T19:00:00,0.0,0.0
2024-12-29T20:00:00,0.0,0.0
2024-12-29T21:00:00,0.0,0.0
2024-12-29T22:00:00,0.011241671,0.081198476
2024-12-29T23:00:00,0.028631316,0.12549506
2024-12-30T00:00:00,0.00079208036,-0.1625045
2024-12-30T01:00:00,0.0,-0.0046022683
2024-12-30T02:00:00,0.0,0.0
2024-12-30T03:00:00,0.0,0.0
2024-12-30T04:00:00,0.0,0.0
2024-12-30T05:00:00,0.0802698,0.57420176
2024-12-30T06:00:00,0.00039079486,-0.4596209
2024-12-30T07:00:00,0.0,-0.0022433097
2024-12-30T08:00:00,0.0,0.0
2024-12-30T09:00:00,0.0,0.0
2024-12-30T10:00:00,0.0,0.0
2024-12-30T11:00:00,0.0,0.0
2024-12-30T12:00:00,0.0,0.0
2024-12-30T13:00:00,0.0,0.0
2024-12-30T14:00:00,0.0,0.0
2024-12-30T15:00:00,0.13334845,0.9470516
2024-12-30T16:00:00,0.37968114,1.7240988
2024-12-30T17:00:00,0.4395706,0.429623
2024-12-30T18:00:00,0.5270658,0.6252671
2024-12-30T19:00:00,0.4550873,-0.4108337
2024-12-30T20:00:00,0.17396607,-1.6427184
2024-12-30T21:00:00,0.001765575,-1.0165623
